IP地址,端口,回源端口,TLS,数据中心,地区,城市,TCP延迟(ms),速度(MB/s)
47.74.15.117,80,80,false,NRT,Asia Pacific,Tokyo,77,11.50
8.219.170.58,2082,2082,false,SIN,Asia Pacific,Singapore,10,11.50
8.219.210.64,2053,2053,true,SIN,Asia Pacific,Singapore,86,11.50
47.236.83.196,80,80,false,SIN,Asia Pacific,Singapore,26,11.49
8.219.190.62,443,443,true,SIN,Asia Pacific,Singapore,42,11.49
8.219.193.202,443,443,true,SIN,Asia Pacific,Singapore,105,11.49
47.74.3.2,8443,8443,true,NRT,Asia Pacific,Tokyo,143,11.49
8.219.238.145,2087,2087,true,SIN,Asia Pacific,Singapore,154,11.49
8.222.145.164,8880,8880,false,SIN,Asia Pacific,Singapore,27,11.49
47.236.104.11,8080,8080,false,SIN,Asia Pacific,Singapore,17,11.49
47.74.37.50,2083,2083,true,NRT,Asia Pacific,Tokyo,81,11.49
8.219.53.222,2095,2095,false,SIN,Asia Pacific,Singapore,7,11.49
47.245.29.126,2095,2095,false,NRT,Asia Pacific,Tokyo,92,11.49
8.222.208.83,2096,2096,true,SIN,Asia Pacific,Singapore,57,11.49
47.74.15.80,2095,2095,false,NRT,Asia Pacific,Tokyo,107,11.48
8.219.102.252,2083,2083,true,SIN,Asia Pacific,Singapore,65,11.48
8.209.222.232,2053,2053,true,HKG,Asia Pacific,Hong Kong,163,11.48
8.222.197.251,8443,8443,true,SIN,Asia Pacific,Singapore,96,11.48
47.245.30.208,8880,8880,false,NRT,Asia Pacific,Tokyo,84,11.48
8.219.174.142,8443,8443,true,SIN,Asia Pacific,Singapore,94,11.48
47.245.37.37,2052,2052,false,NRT,Asia Pacific,Tokyo,74,11.48
47.74.27.151,2086,2086,false,NRT,Asia Pacific,Tokyo,72,11.48
47.245.41.169,80,80,false,NRT,Asia Pacific,Tokyo,73,11.47
47.245.53.50,80,80,false,NRT,Asia Pacific,Tokyo,92,11.47
47.236.145.85,443,443,true,SIN,Asia Pacific,Singapore,126,11.47
8.219.206.53,2053,2053,true,SIN,Asia Pacific,Singapore,133,11.47
47.245.41.169,2082,2082,false,NRT,Asia Pacific,Tokyo,72,11.47
47.236.94.113,8880,8880,false,SIN,Asia Pacific,Singapore,18,11.47
47.91.18.207,2086,2086,false,NRT,Asia Pacific,Tokyo,85,11.46
47.74.42.111,2053,2053,true,NRT,Asia Pacific,Tokyo,98,11.46
8.222.128.131,2087,2087,true,SIN,Asia Pacific,Singapore,102,11.46
8.219.92.89,2096,2096,true,SIN,Asia Pacific,Singapore,111,11.46
47.245.11.118,8443,8443,true,NRT,Asia Pacific,Tokyo,210,11.45
47.236.87.246,8880,8880,false,SIN,Asia Pacific,Singapore,75,11.45
8.222.153.11,2053,2053,true,SIN,Asia Pacific,Singapore,91,11.45
47.245.56.121,8443,8443,true,NRT,Asia Pacific,Tokyo,223,11.45
47.245.37.89,2052,2052,false,NRT,Asia Pacific,Tokyo,86,11.45
8.219.142.191,80,80,false,SIN,Asia Pacific,Singapore,6,11.45
47.245.8.185,8880,8880,false,NRT,Asia Pacific,Tokyo,81,11.45
8.219.84.214,8443,8443,true,SIN,Asia Pacific,Singapore,84,11.45
8.222.164.209,2052,2052,false,SIN,Asia Pacific,Singapore,13,11.45
8.222.224.17,80,80,false,SIN,Asia Pacific,Singapore,48,11.45
47.236.114.167,8080,8080,false,SIN,Asia Pacific,Singapore,29,11.45
47.245.37.94,80,80,false,NRT,Asia Pacific,Tokyo,90,11.45
8.222.152.165,2087,2087,true,SIN,Asia Pacific,Singapore,89,11.44
8.219.249.38,2096,2096,true,SIN,Asia Pacific,Singapore,118,11.44
47.245.14.160,2053,2053,true,NRT,Asia Pacific,Tokyo,115,11.43
47.74.13.239,2083,2083,true,NRT,Asia Pacific,Tokyo,132,11.43
8.209.212.5,2083,2083,true,NRT,Asia Pacific,Tokyo,74,11.43
8.219.87.34,2087,2087,true,SIN,Asia Pacific,Singapore,86,11.43
47.91.19.249,2086,2086,false,NRT,Asia Pacific,Tokyo,79,11.43
8.219.204.120,2053,2053,true,SIN,Asia Pacific,Singapore,73,11.43
8.219.140.63,2083,2083,true,SIN,Asia Pacific,Singapore,122,11.43
8.219.111.147,2052,2052,false,SIN,Asia Pacific,Singapore,8,11.43
8.219.237.250,2052,2052,false,SIN,Asia Pacific,Singapore,18,11.43
47.245.59.244,2083,2083,true,NRT,Asia Pacific,Tokyo,187,11.43
8.219.185.191,2083,2083,true,SIN,Asia Pacific,Singapore,91,11.43
8.219.215.214,443,443,true,SIN,Asia Pacific,Singapore,79,11.43
47.245.59.188,2053,2053,true,NRT,Asia Pacific,Tokyo,283,11.42
8.222.226.15,2087,2087,true,SIN,Asia Pacific,Singapore,103,11.42
8.222.214.231,2096,2096,true,SIN,Asia Pacific,Singapore,57,11.42
8.222.208.83,2086,2086,false,SIN,Asia Pacific,Singapore,18,11.41
47.74.11.219,2082,2082,false,NRT,Asia Pacific,Tokyo,94,11.41
8.222.212.219,2096,2096,true,SIN,Asia Pacific,Singapore,67,11.41
8.219.92.89,2086,2086,false,SIN,Asia Pacific,Singapore,14,11.41
8.222.244.123,2087,2087,true,SIN,Asia Pacific,Singapore,89,11.41
47.245.15.39,2052,2052,false,NRT,Asia Pacific,Tokyo,85,11.41
47.74.36.154,8443,8443,true,NRT,Asia Pacific,Tokyo,119,11.41
47.245.37.89,8080,8080,false,NRT,Asia Pacific,Tokyo,89,11.41
47.245.118.197,2096,2096,true,SIN,Asia Pacific,Singapore,122,11.41
47.236.83.196,8080,8080,false,SIN,Asia Pacific,Singapore,106,11.40
47.245.59.243,8080,8080,false,NRT,Asia Pacific,Tokyo,85,11.40
8.219.236.8,8880,8880,false,SIN,Asia Pacific,Singapore,16,11.40
8.219.134.117,2096,2096,true,SIN,Asia Pacific,Singapore,79,11.40
8.217.164.10,2083,2083,true,HKG,Asia Pacific,Hong Kong,74,11.40
47.74.35.127,2087,2087,true,NRT,Asia Pacific,Tokyo,122,11.40
47.91.23.108,2052,2052,false,NRT,Asia Pacific,Tokyo,90,11.39
8.222.222.64,8443,8443,true,SIN,Asia Pacific,Singapore,58,11.39
8.222.198.105,80,80,false,SIN,Asia Pacific,Singapore,8,11.39
8.219.101.138,2052,2052,false,SIN,Asia Pacific,Singapore,4,11.39
47.245.84.155,80,80,false,SIN,Asia Pacific,Singapore,17,11.39
8.219.170.58,2086,2086,false,SIN,Asia Pacific,Singapore,6,11.39
47.74.5.150,2082,2082,false,NRT,Asia Pacific,Tokyo,84,11.39
47.74.16.255,8443,8443,true,NRT,Asia Pacific,Tokyo,150,11.38
47.245.52.153,2095,2095,false,NRT,Asia Pacific,Tokyo,87,11.38
47.74.41.88,2052,2052,false,HKG,Asia Pacific,Hong Kong,192,11.38
8.222.131.102,2082,2082,false,SIN,Asia Pacific,Singapore,24,11.38
8.219.58.64,2053,2053,true,SIN,Asia Pacific,Singapore,70,11.38
8.222.154.50,2086,2086,false,SIN,Asia Pacific,Singapore,17,11.37
8.219.230.254,2083,2083,true,SIN,Asia Pacific,Singapore,66,11.37
8.222.221.86,2086,2086,false,SIN,Asia Pacific,Singapore,27,11.37
47.245.10.164,2096,2096,true,NRT,Asia Pacific,Tokyo,169,11.37
8.219.75.44,8080,8080,false,SIN,Asia Pacific,Singapore,14,11.36
47.74.22.243,2083,2083,true,NRT,Asia Pacific,Tokyo,138,11.36
47.245.10.164,8080,8080,false,NRT,Asia Pacific,Tokyo,78,11.36
8.222.193.65,2087,2087,true,SIN,Asia Pacific,Singapore,68,11.36
8.219.42.72,2083,2083,true,SIN,Asia Pacific,Singapore,181,11.36
47.74.11.9,2083,2083,true,NRT,Asia Pacific,Tokyo,201,11.35
8.219.83.201,2095,2095,false,SIN,Asia Pacific,Singapore,7,11.35
47.91.31.235,2053,2053,true,NRT,Asia Pacific,Tokyo,103,11.35
47.74.49.62,8443,8443,true,NRT,Asia Pacific,Tokyo,73,11.35
47.74.27.151,2095,2095,false,NRT,Asia Pacific,Tokyo,87,11.35
47.245.37.41,80,80,false,NRT,Asia Pacific,Tokyo,83,11.35
8.222.187.107,2083,2083,true,SIN,Asia Pacific,Singapore,127,11.35
47.245.30.208,2086,2086,false,NRT,Asia Pacific,Tokyo,92,11.34
8.219.98.13,8080,8080,false,SIN,Asia Pacific,Singapore,9,11.34
8.219.102.252,8443,8443,true,SIN,Asia Pacific,Singapore,137,11.34
8.219.248.47,2095,2095,false,SIN,Asia Pacific,Singapore,109,11.34
8.219.197.111,2096,2096,true,SIN,Asia Pacific,Singapore,102,11.34
8.222.154.227,2082,2082,false,SIN,Asia Pacific,Singapore,30,11.34
47.236.103.153,8443,8443,true,SIN,Asia Pacific,Singapore,82,11.34
47.245.54.197,2086,2086,false,NRT,Asia Pacific,Tokyo,89,11.34
47.91.19.249,2087,2087,true,NRT,Asia Pacific,Tokyo,132,11.34
8.222.193.65,8880,8880,false,SIN,Asia Pacific,Singapore,9,11.33
8.219.196.24,8080,8080,false,SIN,Asia Pacific,Singapore,17,11.33
47.74.39.194,2087,2087,true,NRT,Asia Pacific,Tokyo,165,11.33
47.74.43.95,2087,2087,true,NRT,Asia Pacific,Tokyo,148,11.33
8.219.151.193,2087,2087,true,SIN,Asia Pacific,Singapore,79,11.33
8.219.170.58,8880,8880,false,SIN,Asia Pacific,Singapore,25,11.32
8.222.187.4,2087,2087,true,SIN,Asia Pacific,Singapore,104,11.32
47.236.114.23,8880,8880,false,SIN,Asia Pacific,Singapore,17,11.32
47.74.41.136,2096,2096,true,NRT,Asia Pacific,Tokyo,136,11.32
8.219.173.239,2086,2086,false,SIN,Asia Pacific,Singapore,7,11.31
8.219.215.214,2087,2087,true,SIN,Asia Pacific,Singapore,93,11.31
47.254.66.75,80,443,true,SJC,North America,San Jose,171,11.31
47.74.14.85,2052,2052,false,NRT,Asia Pacific,Tokyo,82,11.31
8.222.214.13,2087,2087,true,SIN,Asia Pacific,Singapore,66,11.31
47.74.0.183,2052,2052,false,NRT,Asia Pacific,Tokyo,110,11.31
8.222.254.91,2082,2082,false,SIN,Asia Pacific,Singapore,28,11.30
47.245.53.101,2095,2095,false,NRT,Asia Pacific,Tokyo,92,11.30
8.219.228.186,8443,8443,true,SIN,Asia Pacific,Singapore,132,11.30
47.74.7.51,8443,8443,true,NRT,Asia Pacific,Tokyo,112,11.30
8.222.237.131,2087,2087,true,SIN,Asia Pacific,Singapore,101,11.30
47.245.59.188,2096,2096,true,NRT,Asia Pacific,Tokyo,147,11.30
47.245.37.98,2082,2082,false,NRT,Asia Pacific,Tokyo,88,11.30
8.219.233.6,2096,2096,true,SIN,Asia Pacific,Singapore,155,11.30
8.222.249.190,80,80,false,SIN,Asia Pacific,Singapore,12,11.30
47.245.56.207,8880,8880,false,NRT,Asia Pacific,Tokyo,82,11.29
8.222.140.185,2082,2082,false,SIN,Asia Pacific,Singapore,83,11.29
47.245.12.38,8443,8443,true,NRT,Asia Pacific,Tokyo,213,11.29
47.91.28.27,2052,2052,false,NRT,Asia Pacific,Tokyo,87,11.29
8.222.213.221,8443,8443,true,SIN,Asia Pacific,Singapore,64,11.29
47.245.37.37,2083,2083,true,NRT,Asia Pacific,Tokyo,298,11.29
8.222.130.137,2052,2052,false,SIN,Asia Pacific,Singapore,7,11.29
47.236.119.253,2096,2096,true,SIN,Asia Pacific,Singapore,120,11.28
47.245.94.144,2096,2096,true,SIN,Asia Pacific,Singapore,151,11.28
47.236.87.206,2082,2082,false,SIN,Asia Pacific,Singapore,25,11.28
8.219.178.101,2087,2087,true,SIN,Asia Pacific,Singapore,79,11.28
47.236.97.254,2095,2095,false,SIN,Asia Pacific,Singapore,19,11.28
47.74.4.47,2096,2096,true,NRT,Asia Pacific,Tokyo,197,11.27
47.236.117.48,8880,8880,false,SIN,Asia Pacific,Singapore,18,11.27
8.222.167.8,2052,2052,false,SIN,Asia Pacific,Singapore,18,11.27
47.245.54.140,8080,8080,false,NRT,Asia Pacific,Tokyo,99,11.27
47.236.87.206,2096,2096,true,SIN,Asia Pacific,Singapore,114,11.27
8.222.221.90,2083,2083,true,SIN,Asia Pacific,Singapore,91,11.27
47.245.37.94,80,80,false,NRT,Asia Pacific,Tokyo,83,11.27
8.222.182.10,2083,2083,true,SIN,Asia Pacific,Singapore,67,11.26
47.91.23.108,8080,8080,false,NRT,Asia Pacific,Tokyo,76,11.26
47.236.94.109,8080,8080,false,SIN,Asia Pacific,Singapore,21,11.26
47.74.15.120,8080,8080,false,NRT,Asia Pacific,Tokyo,80,11.25
47.74.13.94,8443,8443,true,NRT,Asia Pacific,Tokyo,164,11.25
8.219.248.47,443,443,true,SIN,Asia Pacific,Singapore,111,11.25
47.245.26.167,2095,2095,false,NRT,Asia Pacific,Tokyo,76,11.25
8.219.228.30,8443,8443,true,SIN,Asia Pacific,Singapore,107,11.25
47.74.22.243,8443,8443,true,NRT,Asia Pacific,Tokyo,172,11.25
8.219.70.117,2087,2087,true,SIN,Asia Pacific,Singapore,83,11.25
47.245.37.98,80,80,false,NRT,Asia Pacific,Tokyo,81,11.25
47.74.16.67,8443,8443,true,NRT,Asia Pacific,Tokyo,164,11.25
47.74.35.127,2053,2053,true,NRT,Asia Pacific,Tokyo,184,11.24
47.236.145.85,2053,2053,true,SIN,Asia Pacific,Singapore,76,11.24
8.222.145.110,2082,2082,false,SIN,Asia Pacific,Singapore,14,11.24
8.222.140.87,2086,2086,false,SIN,Asia Pacific,Singapore,17,11.24
47.74.46.84,80,80,false,NRT,Asia Pacific,Tokyo,88,11.24
47.91.21.107,2053,2053,true,NRT,Asia Pacific,Tokyo,114,11.23
8.219.170.232,2083,2083,true,SIN,Asia Pacific,Singapore,135,11.23
47.236.144.48,80,80,false,SIN,Asia Pacific,Singapore,67,11.23
47.236.97.90,2052,2052,false,SIN,Asia Pacific,Singapore,9,11.23
47.245.40.161,8443,8443,true,NRT,Asia Pacific,Tokyo,208,11.23
8.219.215.12,8443,8443,true,SIN,Asia Pacific,Singapore,71,11.23
47.245.54.98,2083,2083,true,NRT,Asia Pacific,Tokyo,169,11.22
8.219.250.239,2095,2095,false,SIN,Asia Pacific,Singapore,28,11.22
47.245.37.89,8443,8443,true,NRT,Asia Pacific,Tokyo,140,11.22
47.245.32.215,8443,8443,true,NRT,Asia Pacific,Tokyo,190,11.22
8.217.147.230,2053,2053,true,HKG,Asia Pacific,Hong Kong,138,11.22
47.245.30.208,2083,2083,true,NRT,Asia Pacific,Tokyo,210,11.22
8.222.145.110,2095,2095,false,SIN,Asia Pacific,Singapore,12,11.22
8.218.11.90,2095,2095,false,HKG,Asia Pacific,Hong Kong,38,11.22
8.219.220.122,2096,2096,true,SIN,Asia Pacific,Singapore,106,11.22
8.222.214.13,2096,2096,true,SIN,Asia Pacific,Singapore,126,11.21
8.219.242.208,2083,2083,true,SIN,Asia Pacific,Singapore,70,11.21
8.219.153.44,8443,8443,true,SIN,Asia Pacific,Singapore,70,11.20
47.245.4.219,2053,2053,true,NRT,Asia Pacific,Tokyo,227,11.20
8.218.18.235,2083,2083,true,HKG,Asia Pacific,Hong Kong,57,11.20
47.74.13.66,8443,8443,true,NRT,Asia Pacific,Tokyo,141,11.20
47.245.59.244,2053,2053,true,NRT,Asia Pacific,Tokyo,209,11.20
47.245.3.137,2086,2086,false,NRT,Asia Pacific,Tokyo,78,11.20
47.245.31.0,2083,2083,true,NRT,Asia Pacific,Tokyo,328,11.20
8.222.236.229,8880,8880,false,SIN,Asia Pacific,Singapore,21,11.20
47.245.56.50,2053,2053,true,NRT,Asia Pacific,Tokyo,239,11.20
8.222.223.34,2095,2095,false,SIN,Asia Pacific,Singapore,9,11.20
8.222.211.16,2083,2083,true,SIN,Asia Pacific,Singapore,135,11.20
8.219.235.164,8880,8880,false,SIN,Asia Pacific,Singapore,22,11.20
47.74.41.87,2083,2083,true,NRT,Asia Pacific,Tokyo,130,11.19
8.219.60.130,2096,2096,true,SIN,Asia Pacific,Singapore,70,11.19
8.219.215.214,8443,8443,true,SIN,Asia Pacific,Singapore,141,11.19
8.219.210.93,2087,2087,true,SIN,Asia Pacific,Singapore,102,11.19
8.218.3.12,2082,2082,false,HKG,Asia Pacific,Hong Kong,37,11.19
8.219.228.186,2083,2083,true,SIN,Asia Pacific,Singapore,33,11.19
47.74.23.99,2086,2086,false,NRT,Asia Pacific,Tokyo,89,11.19
47.245.41.69,2087,2087,true,NRT,Asia Pacific,Tokyo,173,11.19
47.74.6.16,2083,2083,true,NRT,Asia Pacific,Tokyo,112,11.18
8.219.101.72,2082,2082,false,SIN,Asia Pacific,Singapore,28,11.18
8.222.140.87,2087,2087,true,SIN,Asia Pacific,Singapore,84,11.18
47.74.13.239,2082,2082,false,NRT,Asia Pacific,Tokyo,75,11.18
8.219.101.72,2053,2053,true,SIN,Asia Pacific,Singapore,51,11.18
47.245.14.216,2082,2082,false,NRT,Asia Pacific,Tokyo,78,11.18
8.222.187.107,2086,2086,false,SIN,Asia Pacific,Singapore,11,11.18
8.219.84.102,2053,2053,true,SIN,Asia Pacific,Singapore,100,11.18
8.218.207.169,443,443,true,HKG,Asia Pacific,Hong Kong,105,11.18
47.74.35.127,2052,2052,false,NRT,Asia Pacific,Tokyo,83,11.18
8.219.198.139,2086,2086,false,SIN,Asia Pacific,Singapore,12,11.18
8.219.142.191,2095,2095,false,SIN,Asia Pacific,Singapore,33,11.17
8.219.77.222,2082,2082,false,SIN,Asia Pacific,Singapore,11,11.17
8.219.0.162,8080,8080,false,SIN,Asia Pacific,Singapore,16,11.17
8.222.214.231,8880,8880,false,SIN,Asia Pacific,Singapore,13,11.17
8.222.136.196,8880,8880,false,SIN,Asia Pacific,Singapore,20,11.17
47.245.58.250,2086,2086,false,NRT,Asia Pacific,Tokyo,88,11.17
47.91.17.102,2052,2052,false,NRT,Asia Pacific,Tokyo,111,11.16
8.219.100.168,2052,2052,false,SIN,Asia Pacific,Singapore,9,11.16
8.222.221.86,2087,2087,true,SIN,Asia Pacific,Singapore,77,11.16
47.245.34.36,2053,2053,true,NRT,Asia Pacific,Tokyo,148,11.16
8.219.173.239,2095,2095,false,SIN,Asia Pacific,Singapore,6,11.16
47.74.16.67,2053,2053,true,NRT,Asia Pacific,Tokyo,161,11.16
8.219.122.55,80,80,false,SIN,Asia Pacific,Singapore,10,11.16
47.74.0.183,8443,8443,true,NRT,Asia Pacific,Tokyo,160,11.16
8.222.137.178,8443,8443,true,SIN,Asia Pacific,Singapore,90,11.15
8.219.196.117,2086,2086,false,SIN,Asia Pacific,Singapore,4,11.15
47.74.11.219,8880,8880,false,NRT,Asia Pacific,Tokyo,80,11.15
8.222.174.108,2052,2052,false,SIN,Asia Pacific,Singapore,6,11.15
8.222.227.191,8880,8880,false,SIN,Asia Pacific,Singapore,29,11.15
47.74.23.99,2052,2052,false,NRT,Asia Pacific,Tokyo,76,11.15
8.222.229.22,2083,2083,true,SIN,Asia Pacific,Singapore,63,11.15
8.219.109.183,443,443,true,SIN,Asia Pacific,Singapore,75,11.14
8.219.195.47,2083,2083,true,SIN,Asia Pacific,Singapore,107,11.14
8.219.65.191,8880,8880,false,SIN,Asia Pacific,Singapore,4,11.14
8.222.164.209,443,443,true,SIN,Asia Pacific,Singapore,117,11.14
8.219.70.117,2086,2086,false,SIN,Asia Pacific,Singapore,14,11.14
47.74.52.104,2083,2083,true,NRT,Asia Pacific,Tokyo,135,11.14
47.245.14.160,2087,2087,true,NRT,Asia Pacific,Tokyo,158,11.14
47.245.8.185,2082,2082,false,NRT,Asia Pacific,Tokyo,81,11.14
8.219.178.9,2083,2083,true,SIN,Asia Pacific,Singapore,87,11.14
8.217.49.34,2096,2096,true,HKG,Asia Pacific,Hong Kong,73,11.14
8.219.156.148,443,443,true,SIN,Asia Pacific,Singapore,70,11.13
47.74.26.132,2053,2053,true,NRT,Asia Pacific,Tokyo,160,11.13
8.222.254.91,8443,8443,true,SIN,Asia Pacific,Singapore,62,11.13
47.245.39.28,2083,2083,true,NRT,Asia Pacific,Tokyo,188,11.13
47.74.43.95,2095,2095,false,NRT,Asia Pacific,Tokyo,83,11.12
47.74.11.251,8080,8080,false,NRT,Asia Pacific,Tokyo,86,11.12
47.74.4.179,2053,2053,true,NRT,Asia Pacific,Tokyo,151,11.12
47.74.15.120,2095,2095,false,NRT,Asia Pacific,Tokyo,84,11.12
47.245.10.123,2086,2086,false,NRT,Asia Pacific,Tokyo,78,11.12
8.219.206.53,8080,8080,false,SIN,Asia Pacific,Singapore,43,11.12
8.219.137.50,2095,2095,false,SIN,Asia Pacific,Singapore,6,11.11
47.74.26.131,8443,8443,true,NRT,Asia Pacific,Tokyo,156,11.11
8.219.93.5,2082,2082,false,SIN,Asia Pacific,Singapore,22,11.11
8.219.215.214,2082,2082,false,SIN,Asia Pacific,Singapore,14,11.11
47.91.22.115,2086,2086,false,NRT,Asia Pacific,Tokyo,85,11.11
47.245.32.215,2096,2096,true,NRT,Asia Pacific,Tokyo,245,11.10
47.74.39.96,2053,2053,true,NRT,Asia Pacific,Tokyo,91,11.10
8.219.101.72,2096,2096,true,SIN,Asia Pacific,Singapore,59,11.10
47.245.56.29,2082,2082,false,NRT,Asia Pacific,Tokyo,89,11.10
47.245.53.101,2082,2082,false,NRT,Asia Pacific,Tokyo,91,11.10
8.219.129.38,2052,2052,false,SIN,Asia Pacific,Singapore,16,11.10
8.209.242.25,80,80,false,NRT,Asia Pacific,Tokyo,96,11.09
8.222.224.17,2052,2052,false,SIN,Asia Pacific,Singapore,7,11.09
8.219.112.75,2053,2053,true,SIN,Asia Pacific,Singapore,51,11.09
8.222.159.252,2096,2096,true,SIN,Asia Pacific,Singapore,63,11.09
8.218.18.235,2082,2082,false,HKG,Asia Pacific,Hong Kong,35,11.09
47.245.118.197,2087,2087,true,SIN,Asia Pacific,Singapore,115,11.09
47.245.59.188,8080,8080,false,NRT,Asia Pacific,Tokyo,76,11.09
47.245.42.210,8443,8443,true,NRT,Asia Pacific,Tokyo,176,11.09
8.219.99.8,8080,8080,false,SIN,Asia Pacific,Singapore,10,11.09
8.219.13.143,2083,2083,true,SIN,Asia Pacific,Singapore,109,11.08
8.222.197.251,8080,8080,false,SIN,Asia Pacific,Singapore,13,11.08
8.219.210.93,2083,2083,true,SIN,Asia Pacific,Singapore,147,11.08
8.218.211.17,8880,8880,false,HKG,Asia Pacific,Hong Kong,128,11.07
47.236.4.129,8080,8080,false,SIN,Asia Pacific,Singapore,13,11.07
47.74.16.67,2052,2052,false,NRT,Asia Pacific,Tokyo,78,11.07
47.91.20.88,80,80,false,NRT,Asia Pacific,Tokyo,76,11.07
47.245.11.118,8880,8880,false,NRT,Asia Pacific,Tokyo,94,11.07
8.222.140.87,443,443,true,SIN,Asia Pacific,Singapore,75,11.07
8.219.70.117,80,80,false,SIN,Asia Pacific,Singapore,8,11.07
8.209.243.137,2095,2095,false,NRT,Asia Pacific,Tokyo,93,11.07
8.219.140.229,2096,2096,true,SIN,Asia Pacific,Singapore,49,11.07
47.245.57.109,2082,2082,false,NRT,Asia Pacific,Tokyo,94,11.06
8.219.206.53,2095,2095,false,SIN,Asia Pacific,Singapore,15,11.06
47.74.36.154,2087,2087,true,NRT,Asia Pacific,Tokyo,189,11.05
47.74.26.132,8880,8880,false,NRT,Asia Pacific,Tokyo,76,11.05
47.74.41.136,8443,8443,true,NRT,Asia Pacific,Tokyo,149,11.05
47.74.15.120,2082,2082,false,NRT,Asia Pacific,Tokyo,113,11.05
8.210.156.6,443,443,true,HKG,Asia Pacific,Hong Kong,52,11.05
8.219.213.133,2053,2053,true,SIN,Asia Pacific,Singapore,53,11.05
47.74.7.51,2083,2083,true,NRT,Asia Pacific,Tokyo,168,11.05
47.245.34.140,2086,2086,false,NRT,Asia Pacific,Tokyo,81,11.04
8.219.107.199,2086,2086,false,SIN,Asia Pacific,Singapore,13,11.04
8.219.236.8,2082,2082,false,SIN,Asia Pacific,Singapore,9,11.04
47.74.13.200,2095,2095,false,NRT,Asia Pacific,Tokyo,90,11.04
8.222.238.141,2095,2095,false,SIN,Asia Pacific,Singapore,6,11.04
47.245.33.56,8443,8443,true,NRT,Asia Pacific,Tokyo,154,11.04
8.222.154.50,2053,2053,true,SIN,Asia Pacific,Singapore,168,11.04
47.74.13.94,2052,2052,false,NRT,Asia Pacific,Tokyo,88,11.03
8.219.220.122,2082,2082,false,SIN,Asia Pacific,Singapore,30,11.03
47.74.7.51,2053,2053,true,NRT,Asia Pacific,Tokyo,162,11.03
8.222.136.196,8080,8080,false,SIN,Asia Pacific,Singapore,19,11.03
47.74.0.183,8443,8443,true,NRT,Asia Pacific,Tokyo,208,11.03
8.222.198.105,2052,2052,false,SIN,Asia Pacific,Singapore,7,11.03
47.74.13.66,2086,2086,false,NRT,Asia Pacific,Tokyo,79,11.03
8.222.144.117,2087,2087,true,SIN,Asia Pacific,Singapore,90,11.03
8.219.198.34,2096,2096,true,SIN,Asia Pacific,Singapore,91,11.03
8.219.228.186,2053,2053,true,SIN,Asia Pacific,Singapore,96,11.02
8.209.255.195,2083,2083,true,HKG,Asia Pacific,Hong Kong,196,11.02
8.219.178.101,2096,2096,true,SIN,Asia Pacific,Singapore,97,11.02
8.209.255.195,8443,8443,true,HKG,Asia Pacific,Hong Kong,191,11.02
8.219.115.215,2086,2086,false,SIN,Asia Pacific,Singapore,5,11.02
47.245.59.244,2082,2082,false,NRT,Asia Pacific,Tokyo,79,11.02
8.222.237.131,2052,2052,false,SIN,Asia Pacific,Singapore,47,11.02
47.74.42.17,8080,8080,false,NRT,Asia Pacific,Tokyo,77,11.02
8.222.193.208,8080,8080,false,SIN,Asia Pacific,Singapore,9,11.02
8.219.82.177,80,80,false,SIN,Asia Pacific,Singapore,11,11.01
8.222.224.17,8880,8880,false,SIN,Asia Pacific,Singapore,15,11.01
8.219.195.47,8443,8443,true,SIN,Asia Pacific,Singapore,140,11.01
8.222.147.203,8443,8443,true,SIN,Asia Pacific,Singapore,95,11.01
8.219.6.157,8443,8443,true,SIN,Asia Pacific,Singapore,60,11.01
47.245.56.50,8080,8080,false,NRT,Asia Pacific,Tokyo,98,11.01
47.74.37.50,2053,2053,true,NRT,Asia Pacific,Tokyo,165,11.01
47.74.14.85,2096,2096,true,NRT,Asia Pacific,Tokyo,150,11.01
8.219.72.51,2095,2095,false,SIN,Asia Pacific,Singapore,8,11.01
8.222.137.178,2082,2082,false,SIN,Asia Pacific,Singapore,40,11.01
8.222.224.163,2083,2083,true,SIN,Asia Pacific,Singapore,150,11.01
8.219.185.191,2095,2095,false,SIN,Asia Pacific,Singapore,22,11.01
47.245.30.144,2052,2052,false,NRT,Asia Pacific,Tokyo,80,11.00
8.209.222.31,8880,8880,false,NRT,Asia Pacific,Tokyo,88,11.00
8.218.52.115,8443,8443,true,HKG,Asia Pacific,Hong Kong,52,11.00
8.219.167.113,2087,2087,true,SIN,Asia Pacific,Singapore,106,11.00
47.245.37.29,80,80,false,NRT,Asia Pacific,Tokyo,74,11.00
47.74.39.96,2096,2096,true,NRT,Asia Pacific,Tokyo,132,11.00
8.222.221.197,2053,2053,true,SIN,Asia Pacific,Singapore,114,11.00
8.219.70.117,8880,8880,false,SIN,Asia Pacific,Singapore,24,11.00
8.219.84.102,443,443,true,SIN,Asia Pacific,Singapore,115,10.99
8.219.72.50,8443,8443,true,SIN,Asia Pacific,Singapore,21,10.99
8.222.255.15,2082,2082,false,SIN,Asia Pacific,Singapore,41,10.99
47.74.13.66,2082,2082,false,NRT,Asia Pacific,Tokyo,96,10.99
8.217.250.5,2082,2082,false,HKG,Asia Pacific,Hong Kong,84,10.98
8.219.154.107,2082,2082,false,SIN,Asia Pacific,Singapore,11,10.98
8.219.140.63,2096,2096,true,SIN,Asia Pacific,Singapore,135,10.98
8.219.87.34,2095,2095,false,SIN,Asia Pacific,Singapore,4,10.98
8.219.210.64,2086,2086,false,SIN,Asia Pacific,Singapore,18,10.98
47.74.27.211,2087,2087,true,NRT,Asia Pacific,Tokyo,123,10.98
47.74.27.151,2053,2053,true,NRT,Asia Pacific,Tokyo,116,10.97
8.219.152.195,2095,2095,false,SIN,Asia Pacific,Singapore,6,10.97
47.74.32.25,2096,2096,true,NRT,Asia Pacific,Tokyo,125,10.97
47.245.9.228,2083,2083,true,NRT,Asia Pacific,Tokyo,156,10.97
47.245.14.160,2086,2086,false,NRT,Asia Pacific,Tokyo,90,10.97
8.219.201.8,2053,2053,true,SIN,Asia Pacific,Singapore,53,10.97
8.222.144.219,2083,2083,true,SIN,Asia Pacific,Singapore,88,10.97
47.74.42.111,2086,2086,false,NRT,Asia Pacific,Tokyo,110,10.96
8.219.74.35,80,80,false,SIN,Asia Pacific,Singapore,36,10.96
8.219.141.174,2096,2096,true,SIN,Asia Pacific,Singapore,32,10.96
47.245.15.236,8443,8443,true,NRT,Asia Pacific,Tokyo,136,10.96
8.219.134.63,2086,2086,false,SIN,Asia Pacific,Singapore,15,10.95
47.74.9.174,2052,2052,false,NRT,Asia Pacific,Tokyo,74,10.95
8.219.209.14,2053,2053,true,SIN,Asia Pacific,Singapore,147,10.95
47.245.2.231,2086,2086,false,NRT,Asia Pacific,Tokyo,85,10.95
8.222.187.4,2052,2052,false,SIN,Asia Pacific,Singapore,47,10.95
8.222.212.172,2087,2087,true,SIN,Asia Pacific,Singapore,82,10.95
47.245.56.50,80,80,false,NRT,Asia Pacific,Tokyo,94,10.95
47.91.28.27,2083,2083,true,NRT,Asia Pacific,Tokyo,94,10.95
47.245.37.98,8080,8080,false,NRT,Asia Pacific,Tokyo,81,10.95
47.245.86.230,80,80,false,SIN,Asia Pacific,Singapore,15,10.95
47.91.17.102,2053,2053,true,NRT,Asia Pacific,Tokyo,84,10.95
47.91.23.108,2095,2095,false,NRT,Asia Pacific,Tokyo,90,10.94
47.91.22.34,2082,2082,false,NRT,Asia Pacific,Tokyo,97,10.94
8.219.151.193,2053,2053,true,SIN,Asia Pacific,Singapore,56,10.94
47.236.87.246,8443,8443,true,SIN,Asia Pacific,Singapore,72,10.94
8.219.137.50,8443,8443,true,SIN,Asia Pacific,Singapore,96,10.94
47.74.0.183,2083,2083,true,NRT,Asia Pacific,Tokyo,188,10.94
8.222.129.32,2096,2096,true,SIN,Asia Pacific,Singapore,91,10.94
47.245.13.93,2083,2083,true,NRT,Asia Pacific,Tokyo,141,10.93
47.74.7.214,2087,2087,true,NRT,Asia Pacific,Tokyo,308,10.93
47.236.123.133,8080,8080,false,SIN,Asia Pacific,Singapore,21,10.93
8.219.213.84,2082,2082,false,SIN,Asia Pacific,Singapore,23,10.93
8.219.172.128,8880,8880,false,SIN,Asia Pacific,Singapore,8,10.93
47.91.29.174,2052,2052,false,NRT,Asia Pacific,Tokyo,84,10.93
8.222.221.86,2096,2096,true,SIN,Asia Pacific,Singapore,120,10.93
8.222.213.221,2053,2053,true,SIN,Asia Pacific,Singapore,111,10.93
8.219.198.139,2083,2083,true,SIN,Asia Pacific,Singapore,116,10.92
47.236.87.246,2052,2052,false,SIN,Asia Pacific,Singapore,29,10.92
8.222.154.227,8443,8443,true,SIN,Asia Pacific,Singapore,165,10.92
47.245.12.179,8880,8880,false,NRT,Asia Pacific,Tokyo,93,10.92
8.219.196.117,8443,8443,true,SIN,Asia Pacific,Singapore,94,10.92
8.219.103.57,2086,2086,false,SIN,Asia Pacific,Singapore,21,10.92
47.245.28.255,8080,8080,false,NRT,Asia Pacific,Tokyo,89,10.92
47.245.107.174,2095,2095,false,SIN,Asia Pacific,Singapore,6,10.92
47.91.22.34,2095,2095,false,NRT,Asia Pacific,Tokyo,87,10.91
47.245.54.58,2053,2053,true,NRT,Asia Pacific,Tokyo,122,10.91
47.74.54.33,2096,2096,true,NRT,Asia Pacific,Tokyo,127,10.91
8.222.136.196,80,80,false,SIN,Asia Pacific,Singapore,23,10.91
47.245.26.167,8443,8443,true,NRT,Asia Pacific,Tokyo,193,10.91
47.74.8.238,8443,8443,true,NRT,Asia Pacific,Tokyo,170,10.91
8.222.174.108,8080,8080,false,SIN,Asia Pacific,Singapore,20,10.91
8.222.229.22,2086,2086,false,SIN,Asia Pacific,Singapore,21,10.91
8.219.151.193,8080,8080,false,SIN,Asia Pacific,Singapore,4,10.91
47.74.7.214,2095,2095,false,NRT,Asia Pacific,Tokyo,79,10.91
8.219.60.54,8443,8443,true,SIN,Asia Pacific,Singapore,86,10.90
47.74.10.135,2096,2096,true,NRT,Asia Pacific,Tokyo,135,10.90
8.219.101.72,2052,2052,false,SIN,Asia Pacific,Singapore,11,10.90
8.219.210.226,8443,8443,true,SIN,Asia Pacific,Singapore,109,10.90
8.222.213.221,2087,2087,true,SIN,Asia Pacific,Singapore,85,10.90
8.222.229.22,8880,8880,false,SIN,Asia Pacific,Singapore,8,10.90
8.222.144.219,2096,2096,true,SIN,Asia Pacific,Singapore,73,10.90
8.222.214.231,2053,2053,true,SIN,Asia Pacific,Singapore,86,10.90
8.219.199.220,2082,2082,false,SIN,Asia Pacific,Singapore,6,10.90
8.222.193.208,2052,2052,false,SIN,Asia Pacific,Singapore,14,10.89
47.74.41.136,8880,8880,false,NRT,Asia Pacific,Tokyo,85,10.89
8.219.197.111,2087,2087,true,SIN,Asia Pacific,Singapore,109,10.88
47.245.57.38,80,80,false,HKG,Asia Pacific,Hong Kong,184,10.88
8.222.202.163,2052,2052,false,SIN,Asia Pacific,Singapore,23,10.88
47.91.17.102,80,80,false,NRT,Asia Pacific,Tokyo,85,10.88
8.222.210.182,2096,2096,true,SIN,Asia Pacific,Singapore,80,10.88
47.74.42.17,2083,2083,true,NRT,Asia Pacific,Tokyo,143,10.88
47.74.13.94,2095,2095,false,NRT,Asia Pacific,Tokyo,77,10.87
8.219.247.203,2083,2083,true,SIN,Asia Pacific,Singapore,175,10.87
47.91.21.107,2052,2052,false,NRT,Asia Pacific,Tokyo,96,10.87
8.219.72.51,2087,2087,true,SIN,Asia Pacific,Singapore,91,10.87
8.219.60.68,2083,2083,true,SIN,Asia Pacific,Singapore,35,10.87
47.236.119.253,2095,2095,false,SIN,Asia Pacific,Singapore,37,10.87
8.209.252.13,2082,2082,false,NRT,Asia Pacific,Tokyo,82,10.87
47.245.4.219,2083,2083,true,NRT,Asia Pacific,Tokyo,132,10.87
47.245.37.41,80,80,false,NRT,Asia Pacific,Tokyo,97,10.87
47.91.23.146,80,80,false,NRT,Asia Pacific,Tokyo,73,10.86
47.74.11.251,2082,2082,false,NRT,Asia Pacific,Tokyo,82,10.86
8.219.201.174,2082,2082,false,SIN,Asia Pacific,Singapore,13,10.86
8.219.233.6,2083,2083,true,SIN,Asia Pacific,Singapore,47,10.86
47.74.32.25,80,80,false,NRT,Asia Pacific,Tokyo,86,10.86
47.74.4.179,2052,2052,false,NRT,Asia Pacific,Tokyo,87,10.86
8.219.202.130,8880,8880,false,SIN,Asia Pacific,Singapore,11,10.86
8.222.224.17,2087,2087,true,SIN,Asia Pacific,Singapore,73,10.85
47.74.27.151,2086,2086,false,NRT,Asia Pacific,Tokyo,72,10.85
47.245.56.207,2052,2052,false,NRT,Asia Pacific,Tokyo,106,10.85
8.219.201.8,2086,2086,false,SIN,Asia Pacific,Singapore,12,10.85
47.245.56.50,2095,2095,false,NRT,Asia Pacific,Tokyo,89,10.85
8.219.228.186,2096,2096,true,SIN,Asia Pacific,Singapore,108,10.85
47.74.13.200,2083,2083,true,NRT,Asia Pacific,Tokyo,150,10.85
47.245.32.215,2053,2053,true,NRT,Asia Pacific,Tokyo,175,10.85
47.245.80.142,8880,8880,false,SIN,Asia Pacific,Singapore,55,10.85
47.74.15.80,2053,2053,true,NRT,Asia Pacific,Tokyo,184,10.85
47.245.58.250,2053,2053,true,NRT,Asia Pacific,Tokyo,135,10.84
8.219.196.117,2052,2052,false,SIN,Asia Pacific,Singapore,10,10.84
8.219.106.156,8080,8080,false,SIN,Asia Pacific,Singapore,8,10.84
47.245.53.50,2083,2083,true,NRT,Asia Pacific,Tokyo,141,10.84
47.245.57.109,2095,2095,false,NRT,Asia Pacific,Tokyo,91,10.84
47.91.21.149,8080,8080,false,NRT,Asia Pacific,Tokyo,105,10.84
8.222.164.209,2096,2096,true,SIN,Asia Pacific,Singapore,89,10.84
8.219.103.57,2083,2083,true,SIN,Asia Pacific,Singapore,72,10.84
47.74.16.255,2083,2083,true,NRT,Asia Pacific,Tokyo,119,10.84
8.219.170.232,80,80,false,SIN,Asia Pacific,Singapore,6,10.83
8.219.220.88,2096,2096,true,SIN,Asia Pacific,Singapore,148,10.83
47.245.41.84,80,80,false,NRT,Asia Pacific,Tokyo,96,10.83
47.245.52.240,2052,2052,false,NRT,Asia Pacific,Tokyo,94,10.82
47.74.3.2,8443,8443,true,NRT,Asia Pacific,Tokyo,162,10.82
47.245.9.99,2053,2053,true,NRT,Asia Pacific,Tokyo,211,10.82
8.219.93.5,2087,2087,true,SIN,Asia Pacific,Singapore,79,10.81
8.219.167.65,2053,2053,true,SIN,Asia Pacific,Singapore,94,10.81
8.219.241.189,2087,2087,true,SIN,Asia Pacific,Singapore,90,10.81
47.91.3.112,2053,2053,true,NRT,Asia Pacific,Tokyo,90,10.81
8.218.149.193,2087,2087,true,HKG,Asia Pacific,Hong Kong,130,10.81
47.245.52.153,8443,8443,true,NRT,Asia Pacific,Tokyo,234,10.80
47.236.79.77,2095,2095,false,SIN,Asia Pacific,Singapore,33,10.80
8.222.249.98,8443,8443,true,SIN,Asia Pacific,Singapore,115,10.80
47.245.10.164,2095,2095,false,NRT,Asia Pacific,Tokyo,74,10.80
8.222.129.245,2052,2052,false,SIN,Asia Pacific,Singapore,32,10.80
8.219.206.53,2087,2087,true,SIN,Asia Pacific,Singapore,91,10.80
47.74.13.66,2083,2083,true,NRT,Asia Pacific,Tokyo,88,10.80
8.219.152.195,443,443,true,SIN,Asia Pacific,Singapore,63,10.80
8.219.106.156,8443,8443,true,SIN,Asia Pacific,Singapore,105,10.80
8.219.170.223,2083,2083,true,SIN,Asia Pacific,Singapore,95,10.80
8.219.196.24,2052,2052,false,SIN,Asia Pacific,Singapore,7,10.79
8.219.50.180,443,443,true,SIN,Asia Pacific,Singapore,35,10.79
8.222.154.50,2095,2095,false,SIN,Asia Pacific,Singapore,37,10.79
47.245.37.98,2086,2086,false,NRT,Asia Pacific,Tokyo,78,10.79
8.219.103.65,2087,2087,true,SIN,Asia Pacific,Singapore,81,10.79
8.219.140.229,2053,2053,true,SIN,Asia Pacific,Singapore,45,10.78
47.245.56.207,8880,8880,false,NRT,Asia Pacific,Tokyo,109,10.78
47.74.4.179,2086,2086,false,NRT,Asia Pacific,Tokyo,84,10.78
47.74.9.174,2083,2083,true,NRT,Asia Pacific,Tokyo,140,10.78
8.219.222.8,2052,2052,false,SIN,Asia Pacific,Singapore,15,10.78
8.219.115.215,2083,2083,true,SIN,Asia Pacific,Singapore,47,10.78
47.245.15.39,2082,2082,false,NRT,Asia Pacific,Tokyo,82,10.78
47.74.43.24,2053,2053,true,NRT,Asia Pacific,Tokyo,105,10.78
8.219.170.58,2096,2096,true,SIN,Asia Pacific,Singapore,172,10.77
47.74.11.251,2086,2086,false,NRT,Asia Pacific,Tokyo,72,10.77
47.245.32.215,2052,2052,false,NRT,Asia Pacific,Tokyo,77,10.77
47.74.0.183,2086,2086,false,NRT,Asia Pacific,Tokyo,102,10.77
8.219.179.34,2053,2053,true,SIN,Asia Pacific,Singapore,92,10.77
47.245.42.162,8880,8880,false,NRT,Asia Pacific,Tokyo,78,10.77
8.219.174.213,2053,2053,true,SIN,Asia Pacific,Singapore,72,10.77
8.219.178.9,2096,2096,true,SIN,Asia Pacific,Singapore,89,10.77
8.219.161.129,2095,2095,false,SIN,Asia Pacific,Singapore,7,10.77
8.219.241.189,2053,2053,true,SIN,Asia Pacific,Singapore,127,10.77
8.219.100.155,8443,8443,true,SIN,Asia Pacific,Singapore,105,10.76
8.222.144.117,2095,2095,false,SIN,Asia Pacific,Singapore,20,10.76
8.219.230.254,8880,8880,false,SIN,Asia Pacific,Singapore,17,10.76
8.222.210.182,2087,2087,true,SIN,Asia Pacific,Singapore,10,10.76
47.245.38.233,2082,2082,false,NRT,Asia Pacific,Tokyo,83,10.75
8.222.224.162,2083,2083,true,SIN,Asia Pacific,Singapore,87,10.75
47.245.33.56,2053,2053,true,NRT,Asia Pacific,Tokyo,208,10.75
8.219.238.145,2083,2083,true,SIN,Asia Pacific,Singapore,74,10.75
47.236.116.208,2053,2053,true,SIN,Asia Pacific,Singapore,86,10.75
47.245.2.231,2053,2053,true,NRT,Asia Pacific,Tokyo,120,10.75
47.245.34.36,8080,8080,false,NRT,Asia Pacific,Tokyo,83,10.75
8.222.224.162,2086,2086,false,SIN,Asia Pacific,Singapore,17,10.75
8.219.240.160,8443,8443,true,SIN,Asia Pacific,Singapore,148,10.74
8.219.159.232,2095,2095,false,SIN,Asia Pacific,Singapore,4,10.74
8.222.224.163,2096,2096,true,SIN,Asia Pacific,Singapore,142,10.74
8.222.224.163,2053,2053,true,SIN,Asia Pacific,Singapore,96,10.74
8.219.195.47,2053,2053,true,SIN,Asia Pacific,Singapore,104,10.74
8.219.141.174,8443,8443,true,SIN,Asia Pacific,Singapore,73,10.73
8.222.167.147,2053,2053,true,SIN,Asia Pacific,Singapore,86,10.73
47.245.37.12,2082,2082,false,NRT,Asia Pacific,Tokyo,83,10.73
8.219.140.63,2082,2082,false,SIN,Asia Pacific,Singapore,9,10.73
8.222.147.203,2096,2096,true,SIN,Asia Pacific,Singapore,33,10.73
8.219.73.21,443,443,true,SIN,Asia Pacific,Singapore,94,10.73
8.219.173.239,8080,8080,false,SIN,Asia Pacific,Singapore,4,10.73
8.219.173.195,2082,2082,false,SIN,Asia Pacific,Singapore,9,10.73
8.219.198.34,8880,8880,false,SIN,Asia Pacific,Singapore,15,10.73
8.219.102.252,80,80,false,SIN,Asia Pacific,Singapore,10,10.73
8.219.173.239,2053,2053,true,SIN,Asia Pacific,Singapore,79,10.73
8.218.22.210,2087,2087,true,HKG,Asia Pacific,Hong Kong,48,10.73
8.222.167.8,2095,2095,false,SIN,Asia Pacific,Singapore,16,10.73
8.209.243.137,2082,2082,false,NRT,Asia Pacific,Tokyo,102,10.73
8.222.169.182,2096,2096,true,SIN,Asia Pacific,Singapore,89,10.73
8.222.211.16,2096,2096,true,SIN,Asia Pacific,Singapore,62,10.72
47.236.99.131,2096,2096,true,SIN,Asia Pacific,Singapore,88,10.72
8.219.174.142,2083,2083,true,SIN,Asia Pacific,Singapore,68,10.72
47.74.16.67,80,80,false,NRT,Asia Pacific,Tokyo,82,10.72
47.74.5.233,2096,2096,true,NRT,Asia Pacific,Tokyo,200,10.72
8.209.252.13,80,80,false,NRT,Asia Pacific,Tokyo,87,10.72
47.245.10.123,8080,8080,false,NRT,Asia Pacific,Tokyo,89,10.72
47.74.11.251,8880,8880,false,NRT,Asia Pacific,Tokyo,73,10.72
8.222.252.150,2095,2095,false,SIN,Asia Pacific,Singapore,5,10.71
8.219.241.189,8443,8443,true,SIN,Asia Pacific,Singapore,92,10.71
8.209.241.128,2053,2053,true,NRT,Asia Pacific,Tokyo,117,10.71
47.245.55.235,8080,8080,false,NRT,Asia Pacific,Tokyo,87,10.70
8.219.200.145,443,443,true,SIN,Asia Pacific,Singapore,50,10.70
47.245.62.84,2083,2083,true,NRT,Asia Pacific,Tokyo,212,10.70
8.222.187.4,8080,8080,false,SIN,Asia Pacific,Singapore,21,10.70
8.219.137.50,2083,2083,true,SIN,Asia Pacific,Singapore,60,10.70
8.219.248.170,8443,8443,true,SIN,Asia Pacific,Singapore,127,10.70
8.222.155.242,2052,2052,false,SIN,Asia Pacific,Singapore,50,10.70
8.219.106.15,2086,2086,false,SIN,Asia Pacific,Singapore,20,10.70
8.219.255.171,2053,2053,true,SIN,Asia Pacific,Singapore,125,10.70
8.219.196.24,2095,2095,false,SIN,Asia Pacific,Singapore,44,10.69
8.219.185.191,8443,8443,true,SIN,Asia Pacific,Singapore,104,10.69
8.219.60.130,8443,8443,true,SIN,Asia Pacific,Singapore,55,10.69
8.219.167.113,8880,8880,false,SIN,Asia Pacific,Singapore,20,10.69
8.219.93.5,2083,2083,true,SIN,Asia Pacific,Singapore,75,10.69
8.222.208.83,2082,2082,false,SIN,Asia Pacific,Singapore,16,10.69
8.222.150.197,2053,2053,true,SIN,Asia Pacific,Singapore,48,10.69
8.219.50.180,2096,2096,true,SIN,Asia Pacific,Singapore,50,10.69
47.91.16.198,80,80,false,NRT,Asia Pacific,Tokyo,82,10.69
8.219.172.128,2086,2086,false,SIN,Asia Pacific,Singapore,5,10.69
47.74.41.88,2086,2086,false,HKG,Asia Pacific,Hong Kong,163,10.68
8.219.201.245,2096,2096,true,SIN,Asia Pacific,Singapore,127,10.68
8.222.211.16,2083,2083,true,SIN,Asia Pacific,Singapore,95,10.68
47.74.43.95,2053,2053,true,NRT,Asia Pacific,Tokyo,154,10.68
47.74.0.183,2083,2083,true,NRT,Asia Pacific,Tokyo,116,10.67
8.217.49.34,8443,8443,true,HKG,Asia Pacific,Hong Kong,66,10.67
47.74.52.104,2087,2087,true,NRT,Asia Pacific,Tokyo,142,10.67
8.209.242.25,2053,2053,true,NRT,Asia Pacific,Tokyo,184,10.67
8.219.83.201,8880,8880,false,SIN,Asia Pacific,Singapore,6,10.66
47.245.82.78,8080,8080,false,SIN,Asia Pacific,Singapore,19,10.66
8.219.185.191,80,80,false,SIN,Asia Pacific,Singapore,10,10.66
8.219.106.156,2083,2083,true,SIN,Asia Pacific,Singapore,54,10.66
47.74.11.219,2086,2086,false,NRT,Asia Pacific,Tokyo,117,10.66
8.222.253.235,2052,2052,false,SIN,Asia Pacific,Singapore,11,10.66
8.222.174.108,8880,8880,false,SIN,Asia Pacific,Singapore,12,10.66
8.222.187.4,2083,2083,true,SIN,Asia Pacific,Singapore,150,10.65
8.219.240.160,8443,8443,true,SIN,Asia Pacific,Singapore,72,10.65
47.74.37.50,2096,2096,true,NRT,Asia Pacific,Tokyo,142,10.65
8.222.174.108,2053,2053,true,SIN,Asia Pacific,Singapore,132,10.65
8.219.174.142,2082,2082,false,SIN,Asia Pacific,Singapore,23,10.65
47.245.14.160,2095,2095,false,NRT,Asia Pacific,Tokyo,88,10.64
8.219.222.8,2083,2083,true,SIN,Asia Pacific,Singapore,116,10.64
8.219.124.227,8880,8880,false,SIN,Asia Pacific,Singapore,21,10.64
47.236.94.109,8443,8443,true,SIN,Asia Pacific,Singapore,104,10.64
8.219.174.213,2096,2096,true,SIN,Asia Pacific,Singapore,92,10.64
47.245.90.176,8080,8080,false,SIN,Asia Pacific,Singapore,19,10.64
47.74.4.179,2096,2096,true,NRT,Asia Pacific,Tokyo,185,10.63
8.219.82.35,2087,2087,true,SIN,Asia Pacific,Singapore,41,10.63
8.219.215.12,2052,2052,false,SIN,Asia Pacific,Singapore,17,10.63
8.219.106.15,2053,2053,true,SIN,Asia Pacific,Singapore,48,10.63
47.245.80.142,2053,2053,true,SIN,Asia Pacific,Singapore,122,10.62
8.219.159.232,2053,2053,true,SIN,Asia Pacific,Singapore,61,10.62
8.222.227.191,2086,2086,false,SIN,Asia Pacific,Singapore,14,10.62
8.222.197.251,443,443,true,SIN,Asia Pacific,Singapore,34,10.62
47.74.22.171,2083,2083,true,NRT,Asia Pacific,Tokyo,177,10.62
47.91.1.199,8443,8443,true,NRT,Asia Pacific,Tokyo,89,10.62
8.222.249.98,2052,2052,false,SIN,Asia Pacific,Singapore,20,10.62
8.209.255.195,2087,2087,true,HKG,Asia Pacific,Hong Kong,181,10.62
47.91.25.66,2053,2053,true,NRT,Asia Pacific,Tokyo,100,10.62
47.245.53.50,2053,2053,true,NRT,Asia Pacific,Tokyo,116,10.61
47.74.13.239,2087,2087,true,NRT,Asia Pacific,Tokyo,184,10.61
8.219.250.239,2082,2082,false,SIN,Asia Pacific,Singapore,18,10.61
8.219.110.88,2087,2087,true,SIN,Asia Pacific,Singapore,62,10.61
8.219.121.87,2087,2087,true,SIN,Asia Pacific,Singapore,30,10.61
8.219.247.203,443,443,true,SIN,Asia Pacific,Singapore,122,10.61
8.222.153.11,2096,2096,true,SIN,Asia Pacific,Singapore,111,10.61
47.245.80.142,2082,2082,false,SIN,Asia Pacific,Singapore,31,10.61
47.91.31.231,2083,2083,true,NRT,Asia Pacific,Tokyo,100,10.60
47.74.27.211,2082,2082,false,NRT,Asia Pacific,Tokyo,97,10.60
8.219.101.138,8080,8080,false,SIN,Asia Pacific,Singapore,4,10.60
8.222.244.123,2082,2082,false,SIN,Asia Pacific,Singapore,10,10.60
8.219.247.203,2052,2052,false,SIN,Asia Pacific,Singapore,6,10.60
47.245.34.36,2082,2082,false,NRT,Asia Pacific,Tokyo,77,10.60
8.222.145.164,2087,2087,true,SIN,Asia Pacific,Singapore,96,10.60
8.219.201.8,8443,8443,true,SIN,Asia Pacific,Singapore,92,10.60
47.74.37.50,2095,2095,false,NRT,Asia Pacific,Tokyo,75,10.60
8.219.156.148,443,443,true,SIN,Asia Pacific,Singapore,89,10.59
47.91.16.198,2082,2082,false,NRT,Asia Pacific,Tokyo,75,10.59
8.222.254.91,443,443,true,SIN,Asia Pacific,Singapore,115,10.59
47.245.53.50,8080,8080,false,NRT,Asia Pacific,Tokyo,77,10.59
8.222.209.223,2053,2053,true,SIN,Asia Pacific,Singapore,90,10.59
47.74.15.120,2087,2087,true,NRT,Asia Pacific,Tokyo,153,10.59
8.219.237.250,2095,2095,false,SIN,Asia Pacific,Singapore,23,10.59
8.219.194.170,2095,2095,false,SIN,Asia Pacific,Singapore,9,10.59
47.245.8.68,2087,2087,true,NRT,Asia Pacific,Tokyo,266,10.59
8.222.212.172,443,443,true,SIN,Asia Pacific,Singapore,123,10.58
47.236.130.95,443,443,true,SIN,Asia Pacific,Singapore,54,10.58
47.74.9.174,2095,2095,false,NRT,Asia Pacific,Tokyo,87,10.58
47.74.34.51,2096,2096,true,NRT,Asia Pacific,Tokyo,81,10.58
8.219.3.53,443,443,true,SIN,Asia Pacific,Singapore,36,10.58
8.219.134.63,8080,8080,false,SIN,Asia Pacific,Singapore,9,10.58
8.219.75.44,2052,2052,false,SIN,Asia Pacific,Singapore,13,10.58
47.245.10.156,2095,2095,false,NRT,Asia Pacific,Tokyo,78,10.58
8.219.200.145,80,80,false,SIN,Asia Pacific,Singapore,9,10.58
8.219.56.205,2087,2087,true,SIN,Asia Pacific,Singapore,24,10.57
8.219.121.24,8443,8443,true,SIN,Asia Pacific,Singapore,155,10.57
8.219.193.22,2096,2096,true,SIN,Asia Pacific,Singapore,148,10.57
47.245.9.228,8443,8443,true,NRT,Asia Pacific,Tokyo,233,10.57
47.74.0.183,80,80,false,NRT,Asia Pacific,Tokyo,90,10.57
8.219.194.170,2086,2086,false,SIN,Asia Pacific,Singapore,7,10.57
47.236.94.113,2086,2086,false,SIN,Asia Pacific,Singapore,23,10.57
47.74.15.80,2087,2087,true,NRT,Asia Pacific,Tokyo,150,10.57
47.74.15.117,2052,2052,false,NRT,Asia Pacific,Tokyo,81,10.56
8.222.164.209,2082,2082,false,SIN,Asia Pacific,Singapore,10,10.56
47.245.53.50,2082,2082,false,NRT,Asia Pacific,Tokyo,96,10.56
47.236.97.254,80,80,false,SIN,Asia Pacific,Singapore,26,10.56
8.222.129.245,2087,2087,true,SIN,Asia Pacific,Singapore,90,10.56
47.74.7.51,8880,8880,false,NRT,Asia Pacific,Tokyo,90,10.56
47.74.27.151,80,80,false,NRT,Asia Pacific,Tokyo,88,10.56
47.245.7.212,80,80,false,NRT,Asia Pacific,Tokyo,93,10.56
47.236.97.90,2053,2053,true,SIN,Asia Pacific,Singapore,59,10.55
8.219.134.117,8443,8443,true,SIN,Asia Pacific,Singapore,59,10.55
47.245.38.233,8080,8080,false,NRT,Asia Pacific,Tokyo,94,10.55
8.219.100.155,2083,2083,true,SIN,Asia Pacific,Singapore,92,10.55
47.245.55.99,2053,2053,true,NRT,Asia Pacific,Tokyo,134,10.55
8.210.55.134,2083,2083,true,HKG,Asia Pacific,Hong Kong,43,10.55
8.219.230.254,2095,2095,false,SIN,Asia Pacific,Singapore,13,10.55
47.245.33.163,2096,2096,true,NRT,Asia Pacific,Tokyo,242,10.55
47.74.43.95,8443,8443,true,NRT,Asia Pacific,Tokyo,156,10.54
47.91.21.149,2083,2083,true,NRT,Asia Pacific,Tokyo,119,10.54
8.219.175.127,2053,2053,true,SIN,Asia Pacific,Singapore,50,10.54
8.219.201.8,2052,2052,false,SIN,Asia Pacific,Singapore,11,10.54
8.222.222.64,2053,2053,true,SIN,Asia Pacific,Singapore,94,10.54
8.219.4.122,2096,2096,true,SIN,Asia Pacific,Singapore,33,10.54
8.219.92.89,2096,2096,true,SIN,Asia Pacific,Singapore,74,10.54
47.74.15.80,2052,2052,false,NRT,Asia Pacific,Tokyo,79,10.54
8.222.221.109,2096,2096,true,SIN,Asia Pacific,Singapore,101,10.54
8.222.221.90,2087,2087,true,SIN,Asia Pacific,Singapore,98,10.54
8.219.93.85,2096,2096,true,SIN,Asia Pacific,Singapore,75,10.54
47.245.115.6,2053,2053,true,SIN,Asia Pacific,Singapore,85,10.54
8.222.198.105,8880,8880,false,SIN,Asia Pacific,Singapore,9,10.54
47.236.114.167,2053,2053,true,SIN,Asia Pacific,Singapore,178,10.54
8.222.193.65,2083,2083,true,SIN,Asia Pacific,Singapore,82,10.54
8.222.193.65,2053,2053,true,SIN,Asia Pacific,Singapore,63,10.53
8.217.250.5,2086,2086,false,HKG,Asia Pacific,Hong Kong,67,10.53
8.222.249.190,2087,2087,true,SIN,Asia Pacific,Singapore,95,10.53
47.74.54.33,2083,2083,true,NRT,Asia Pacific,Tokyo,110,10.53
47.74.16.67,2096,2096,true,NRT,Asia Pacific,Tokyo,155,10.53
8.222.229.22,2052,2052,false,SIN,Asia Pacific,Singapore,9,10.53
47.74.41.87,2087,2087,true,NRT,Asia Pacific,Tokyo,89,10.52
8.219.66.156,80,80,false,SIN,Asia Pacific,Singapore,27,10.52
47.91.23.146,2052,2052,false,NRT,Asia Pacific,Tokyo,89,10.52
8.219.238.145,8080,8080,false,SIN,Asia Pacific,Singapore,24,10.52
8.222.229.102,2087,2087,true,SIN,Asia Pacific,Singapore,130,10.52
8.219.174.213,2087,2087,true,SIN,Asia Pacific,Singapore,141,10.52
8.219.60.68,2052,2052,false,SIN,Asia Pacific,Singapore,6,10.52
8.222.211.124,2082,2082,false,SIN,Asia Pacific,Singapore,11,10.52
8.209.222.232,2095,2095,false,HKG,Asia Pacific,Hong Kong,155,10.51
47.91.16.198,2086,2086,false,NRT,Asia Pacific,Tokyo,81,10.51
47.236.103.153,2095,2095,false,SIN,Asia Pacific,Singapore,50,10.50
47.74.6.16,2086,2086,false,NRT,Asia Pacific,Tokyo,91,10.50
47.245.55.94,80,80,false,NRT,Asia Pacific,Tokyo,76,10.50
47.245.59.243,2095,2095,false,NRT,Asia Pacific,Tokyo,113,10.50
8.219.228.157,8080,8080,false,SIN,Asia Pacific,Singapore,14,10.50
47.74.49.62,2083,2083,true,NRT,Asia Pacific,Tokyo,160,10.50
8.219.100.168,8443,8443,true,SIN,Asia Pacific,Singapore,35,10.50
47.74.43.95,8880,8880,false,NRT,Asia Pacific,Tokyo,89,10.50
8.219.142.191,2086,2086,false,SIN,Asia Pacific,Singapore,16,10.50
47.74.13.200,8443,8443,true,NRT,Asia Pacific,Tokyo,83,10.50
8.219.122.96,8443,8443,true,SIN,Asia Pacific,Singapore,112,10.49
47.245.31.0,2052,2052,false,NRT,Asia Pacific,Tokyo,75,10.49
47.74.12.139,8443,8443,true,NRT,Asia Pacific,Tokyo,129,10.49
8.222.244.123,2053,2053,true,SIN,Asia Pacific,Singapore,73,10.49
8.222.214.13,2095,2095,false,SIN,Asia Pacific,Singapore,6,10.49
8.222.155.242,2083,2083,true,SIN,Asia Pacific,Singapore,116,10.49
8.219.40.255,2086,2086,false,SIN,Asia Pacific,Singapore,13,10.49
8.219.206.180,8080,8080,false,SIN,Asia Pacific,Singapore,11,10.49
8.219.215.12,2096,2096,true,SIN,Asia Pacific,Singapore,155,10.49
47.74.8.238,2052,2052,false,NRT,Asia Pacific,Tokyo,78,10.49
8.219.156.148,2083,2083,true,SIN,Asia Pacific,Singapore,41,10.48
8.219.112.75,2086,2086,false,SIN,Asia Pacific,Singapore,13,10.48
8.219.228.30,2095,2095,false,SIN,Asia Pacific,Singapore,5,10.48
8.219.220.122,2087,2087,true,SIN,Asia Pacific,Singapore,91,10.48
8.210.117.18,80,80,false,HKG,Asia Pacific,Hong Kong,84,10.48
47.74.7.51,2082,2082,false,NRT,Asia Pacific,Tokyo,90,10.48
47.245.52.165,2053,2053,true,NRT,Asia Pacific,Tokyo,276,10.47
47.245.115.6,80,80,false,SIN,Asia Pacific,Singapore,12,10.47
47.74.50.249,2083,2083,true,NRT,Asia Pacific,Tokyo,153,10.47
47.236.104.98,2087,2087,true,SIN,Asia Pacific,Singapore,123,10.47
47.245.38.233,2083,2083,true,NRT,Asia Pacific,Tokyo,154,10.47
8.222.223.34,2083,2083,true,SIN,Asia Pacific,Singapore,78,10.47
47.74.27.151,2095,2095,false,NRT,Asia Pacific,Tokyo,115,10.47
8.222.208.83,2053,2053,true,SIN,Asia Pacific,Singapore,151,10.46
8.222.154.50,2052,2052,false,SIN,Asia Pacific,Singapore,12,10.46
8.222.237.131,80,80,false,SIN,Asia Pacific,Singapore,7,10.46
8.219.65.191,8443,8443,true,SIN,Asia Pacific,Singapore,32,10.46
8.219.199.220,2082,2082,false,SIN,Asia Pacific,Singapore,70,10.46
8.222.180.86,8880,8880,false,SIN,Asia Pacific,Singapore,26,10.46
47.74.34.51,2096,2096,true,NRT,Asia Pacific,Tokyo,162,10.46
47.91.20.88,2052,2052,false,NRT,Asia Pacific,Tokyo,92,10.46
8.219.122.55,2086,2086,false,SIN,Asia Pacific,Singapore,28,10.46
47.74.16.255,2087,2087,true,NRT,Asia Pacific,Tokyo,112,10.45
8.219.251.81,443,443,true,SIN,Asia Pacific,Singapore,54,10.45
8.222.198.105,8443,8443,true,SIN,Asia Pacific,Singapore,113,10.45
8.222.136.196,2095,2095,false,SIN,Asia Pacific,Singapore,23,10.45
8.219.151.193,2087,2087,true,SIN,Asia Pacific,Singapore,44,10.45
8.219.72.50,2082,2082,false,SIN,Asia Pacific,Singapore,6,10.45
47.245.11.108,8080,8080,false,NRT,Asia Pacific,Tokyo,79,10.45
8.222.128.131,8080,8080,false,SIN,Asia Pacific,Singapore,52,10.44
47.245.42.210,2087,2087,true,NRT,Asia Pacific,Tokyo,304,10.44
47.74.34.135,2096,2096,true,NRT,Asia Pacific,Tokyo,95,10.44
47.245.13.93,2053,2053,true,NRT,Asia Pacific,Tokyo,144,10.44
8.222.226.15,8443,8443,true,SIN,Asia Pacific,Singapore,88,10.44
47.74.16.67,2083,2083,true,NRT,Asia Pacific,Tokyo,166,10.44
47.74.15.120,2082,2082,false,NRT,Asia Pacific,Tokyo,94,10.44
8.219.201.245,443,443,true,SIN,Asia Pacific,Singapore,113,10.43
8.219.170.223,8443,8443,true,SIN,Asia Pacific,Singapore,103,10.43
8.222.202.163,8080,8080,false,SIN,Asia Pacific,Singapore,13,10.43
8.222.131.102,2096,2096,true,SIN,Asia Pacific,Singapore,97,10.43
47.251.74.226,80,80,false,LAX,North America,Los Angeles,174,10.43
8.222.131.102,2052,2052,false,SIN,Asia Pacific,Singapore,13,10.43
8.219.111.147,2095,2095,false,SIN,Asia Pacific,Singapore,14,10.43
47.74.9.174,2086,2086,false,NRT,Asia Pacific,Tokyo,82,10.43
8.219.84.214,443,443,true,SIN,Asia Pacific,Singapore,62,10.43
47.245.11.108,80,80,false,NRT,Asia Pacific,Tokyo,77,10.43
47.245.56.121,2086,2086,false,NRT,Asia Pacific,Tokyo,73,10.43
8.219.66.156,2087,2087,true,SIN,Asia Pacific,Singapore,68,10.42
8.222.253.235,2053,2053,true,SIN,Asia Pacific,Singapore,114,10.42
47.245.41.69,80,80,false,NRT,Asia Pacific,Tokyo,77,10.42
47.245.54.140,8443,8443,true,NRT,Asia Pacific,Tokyo,169,10.42
8.219.240.160,2087,2087,true,SIN,Asia Pacific,Singapore,65,10.42
8.219.196.117,2086,2086,false,SIN,Asia Pacific,Singapore,15,10.42
8.219.236.8,2087,2087,true,SIN,Asia Pacific,Singapore,107,10.41
8.219.213.112,80,80,false,SIN,Asia Pacific,Singapore,7,10.41
47.245.29.64,8080,8080,false,NRT,Asia Pacific,Tokyo,89,10.41
47.236.87.246,2053,2053,true,SIN,Asia Pacific,Singapore,93,10.41
8.219.104.242,2083,2083,true,SIN,Asia Pacific,Singapore,92,10.41
47.91.17.102,8443,8443,true,NRT,Asia Pacific,Tokyo,150,10.41
8.222.249.190,2052,2052,false,SIN,Asia Pacific,Singapore,9,10.40
47.74.5.150,2053,2053,true,NRT,Asia Pacific,Tokyo,146,10.40
8.219.174.142,2087,2087,true,SIN,Asia Pacific,Singapore,93,10.40
47.245.54.98,2053,2053,true,NRT,Asia Pacific,Tokyo,223,10.40
8.219.67.133,2095,2095,false,SIN,Asia Pacific,Singapore,3,10.40
8.219.237.250,2053,2053,true,SIN,Asia Pacific,Singapore,45,10.39
47.245.9.99,2087,2087,true,NRT,Asia Pacific,Tokyo,166,10.39
8.219.248.170,2053,2053,true,SIN,Asia Pacific,Singapore,117,10.39
47.74.23.99,2053,2053,true,NRT,Asia Pacific,Tokyo,164,10.39
47.243.107.148,8080,8080,false,HKG,Asia Pacific,Hong Kong,39,10.39
47.245.13.93,8443,8443,true,NRT,Asia Pacific,Tokyo,93,10.39
8.219.78.1,2096,2096,true,SIN,Asia Pacific,Singapore,65,10.38
47.74.11.9,2052,2052,false,NRT,Asia Pacific,Tokyo,86,10.38
8.219.251.81,2083,2083,true,SIN,Asia Pacific,Singapore,93,10.38
47.245.53.50,2052,2052,false,NRT,Asia Pacific,Tokyo,84,10.38
8.219.198.34,8880,8880,false,SIN,Asia Pacific,Singapore,45,10.38
8.219.121.87,8443,8443,true,SIN,Asia Pacific,Singapore,53,10.38
47.245.57.38,8080,8080,false,HKG,Asia Pacific,Hong Kong,180,10.38
47.74.27.151,8880,8880,false,NRT,Asia Pacific,Tokyo,103,10.38
8.219.209.14,8443,8443,true,SIN,Asia Pacific,Singapore,73,10.38
47.245.4.219,2087,2087,true,NRT,Asia Pacific,Tokyo,148,10.38
8.222.174.108,2087,2087,true,SIN,Asia Pacific,Singapore,123,10.37
47.245.108.213,2082,2082,false,SIN,Asia Pacific,Singapore,51,10.37
8.219.201.8,2053,2053,true,SIN,Asia Pacific,Singapore,82,10.37
8.219.179.34,2096,2096,true,SIN,Asia Pacific,Singapore,138,10.37
8.219.60.68,8880,8880,false,SIN,Asia Pacific,Singapore,2,10.37
8.219.56.205,8080,8080,false,SIN,Asia Pacific,Singapore,4,10.37
8.219.157.97,2096,2096,true,SIN,Asia Pacific,Singapore,66,10.37
8.222.137.178,8080,8080,false,SIN,Asia Pacific,Singapore,21,10.36
47.74.12.139,2053,2053,true,NRT,Asia Pacific,Tokyo,152,10.36
8.222.159.252,2083,2083,true,SIN,Asia Pacific,Singapore,74,10.36
8.219.247.203,2095,2095,false,SIN,Asia Pacific,Singapore,11,10.36
47.245.53.50,8880,8880,false,NRT,Asia Pacific,Tokyo,84,10.36
47.236.87.206,2053,2053,true,SIN,Asia Pacific,Singapore,33,10.36
47.245.41.84,2082,2082,false,NRT,Asia Pacific,Tokyo,74,10.36
8.219.113.27,2052,2052,false,SIN,Asia Pacific,Singapore,12,10.36
8.219.156.148,8443,8443,true,SIN,Asia Pacific,Singapore,54,10.35
8.219.60.54,443,443,true,SIN,Asia Pacific,Singapore,62,10.35
8.222.182.10,80,80,false,SIN,Asia Pacific,Singapore,86,10.35
47.245.37.12,2086,2086,false,NRT,Asia Pacific,Tokyo,113,10.35
47.245.10.156,8080,8080,false,NRT,Asia Pacific,Tokyo,76,10.35
47.74.45.143,8443,8443,true,NRT,Asia Pacific,Tokyo,126,10.34
8.219.255.171,2083,2083,true,SIN,Asia Pacific,Singapore,163,10.34
47.74.13.200,2096,2096,true,NRT,Asia Pacific,Tokyo,107,10.34
47.91.31.235,2096,2096,true,NRT,Asia Pacific,Tokyo,148,10.34
8.219.173.239,80,80,false,SIN,Asia Pacific,Singapore,4,10.34
47.245.39.28,2053,2053,true,NRT,Asia Pacific,Tokyo,175,10.34
47.74.18.121,80,80,false,NRT,Asia Pacific,Tokyo,89,10.34
8.219.228.193,2096,2096,true,SIN,Asia Pacific,Singapore,4,10.33
8.219.40.255,2095,2095,false,SIN,Asia Pacific,Singapore,13,10.33
47.74.16.67,2087,2087,true,NRT,Asia Pacific,Tokyo,139,10.33
47.74.22.243,2096,2096,true,NRT,Asia Pacific,Tokyo,123,10.33
47.74.26.196,2052,2052,false,HKG,Asia Pacific,Hong Kong,171,10.33
8.222.155.242,2053,2053,true,SIN,Asia Pacific,Singapore,211,10.33
47.243.42.219,2086,2086,false,HKG,Asia Pacific,Hong Kong,83,10.32
47.91.21.107,2086,2086,false,NRT,Asia Pacific,Tokyo,90,10.32
8.222.153.11,2083,2083,true,SIN,Asia Pacific,Singapore,86,10.32
8.222.193.65,2082,2082,false,SIN,Asia Pacific,Singapore,20,10.32
47.245.54.197,2052,2052,false,NRT,Asia Pacific,Tokyo,91,10.32
47.245.8.156,2086,2086,false,NRT,Asia Pacific,Tokyo,92,10.32
8.219.140.229,80,80,false,SIN,Asia Pacific,Singapore,6,10.31
47.74.34.73,2082,2082,false,NRT,Asia Pacific,Tokyo,70,10.31
47.245.31.0,8080,8080,false,NRT,Asia Pacific,Tokyo,88,10.31
47.236.94.109,2086,2086,false,SIN,Asia Pacific,Singapore,26,10.31
8.219.201.174,8443,8443,true,SIN,Asia Pacific,Singapore,88,10.31
8.219.228.186,443,443,true,SIN,Asia Pacific,Singapore,106,10.30
8.210.101.157,2086,2086,false,HKG,Asia Pacific,Hong Kong,40,10.30
8.219.140.229,2095,2095,false,SIN,Asia Pacific,Singapore,7,10.30
47.245.53.50,2086,2086,false,NRT,Asia Pacific,Tokyo,102,10.30
8.219.199.220,2096,2096,true,SIN,Asia Pacific,Singapore,121,10.30
47.74.0.183,8880,8880,false,NRT,Asia Pacific,Tokyo,88,10.30
8.222.144.219,8443,8443,true,SIN,Asia Pacific,Singapore,112,10.30
8.222.221.90,8443,8443,true,SIN,Asia Pacific,Singapore,53,10.29
8.219.110.88,2083,2083,true,SIN,Asia Pacific,Singapore,49,10.29
47.245.33.56,2086,2086,false,NRT,Asia Pacific,Tokyo,88,10.29
47.74.23.99,2083,2083,true,NRT,Asia Pacific,Tokyo,181,10.29
8.222.193.65,80,80,false,SIN,Asia Pacific,Singapore,34,10.29
8.219.215.214,2052,2052,false,SIN,Asia Pacific,Singapore,9,10.29
8.222.244.123,8443,8443,true,SIN,Asia Pacific,Singapore,87,10.29
47.245.7.212,8080,8080,false,NRT,Asia Pacific,Tokyo,82,10.29
8.222.187.107,2053,2053,true,SIN,Asia Pacific,Singapore,70,10.29
8.209.214.157,2095,2095,false,NRT,Asia Pacific,Tokyo,109,10.29
47.245.55.94,8443,8443,true,NRT,Asia Pacific,Tokyo,258,10.28
8.219.114.201,8880,8880,false,SIN,Asia Pacific,Singapore,168,10.28
47.245.7.212,2052,2052,false,NRT,Asia Pacific,Tokyo,86,10.27
8.219.73.21,2082,2082,false,SIN,Asia Pacific,Singapore,15,10.27
8.222.152.165,2095,2095,false,SIN,Asia Pacific,Singapore,38,10.27
47.245.12.179,80,80,false,NRT,Asia Pacific,Tokyo,89,10.27
8.219.228.186,80,80,false,SIN,Asia Pacific,Singapore,47,10.27
47.236.79.77,2086,2086,false,SIN,Asia Pacific,Singapore,18,10.27
47.251.74.226,443,443,true,LAX,North America,Los Angeles,187,10.27
8.222.249.98,2083,2083,true,SIN,Asia Pacific,Singapore,69,10.27
8.222.219.34,8880,8880,false,SIN,Asia Pacific,Singapore,14,10.27
8.219.170.232,443,443,true,SIN,Asia Pacific,Singapore,109,10.27
47.245.52.240,2053,2053,true,NRT,Asia Pacific,Tokyo,134,10.27
47.236.82.218,8080,8080,false,SIN,Asia Pacific,Singapore,16,10.26
47.91.21.149,2052,2052,false,NRT,Asia Pacific,Tokyo,85,10.26
47.245.54.197,8443,8443,true,NRT,Asia Pacific,Tokyo,196,10.26
8.219.241.189,2083,2083,true,SIN,Asia Pacific,Singapore,131,10.26
8.219.67.133,8880,8880,false,SIN,Asia Pacific,Singapore,15,10.26
47.236.87.206,80,80,false,SIN,Asia Pacific,Singapore,8,10.26
8.219.72.51,443,443,true,SIN,Asia Pacific,Singapore,78,10.26
47.245.31.0,2053,2053,true,NRT,Asia Pacific,Tokyo,178,10.26
8.222.140.185,2083,2083,true,SIN,Asia Pacific,Singapore,81,10.25
8.219.167.113,2053,2053,true,SIN,Asia Pacific,Singapore,73,10.25
8.219.121.87,2087,2087,true,SIN,Asia Pacific,Singapore,67,10.25
8.219.210.226,8080,8080,false,SIN,Asia Pacific,Singapore,8,10.25
47.236.97.90,8443,8443,true,SIN,Asia Pacific,Singapore,105,10.24
47.245.31.0,8443,8443,true,NRT,Asia Pacific,Tokyo,235,10.24
47.91.16.198,8080,8080,false,NRT,Asia Pacific,Tokyo,88,10.24
8.222.208.38,443,443,true,SIN,Asia Pacific,Singapore,73,10.24
8.222.208.83,2086,2086,false,SIN,Asia Pacific,Singapore,8,10.24
8.209.252.13,2087,2087,true,NRT,Asia Pacific,Tokyo,89,10.23
8.219.228.30,8880,8880,false,SIN,Asia Pacific,Singapore,19,10.23
47.245.56.207,80,80,false,NRT,Asia Pacific,Tokyo,84,10.23
47.74.27.94,2082,2082,false,NRT,Asia Pacific,Tokyo,89,10.23
47.91.22.115,2082,2082,false,NRT,Asia Pacific,Tokyo,94,10.23
47.245.10.123,2052,2052,false,NRT,Asia Pacific,Tokyo,78,10.23
47.74.11.9,8880,8880,false,NRT,Asia Pacific,Tokyo,91,10.23
8.222.129.245,2086,2086,false,SIN,Asia Pacific,Singapore,30,10.23
47.245.59.133,2096,2096,true,NRT,Asia Pacific,Tokyo,176,10.23
47.236.144.156,8443,8443,true,SIN,Asia Pacific,Singapore,143,10.22
47.245.55.94,2053,2053,true,NRT,Asia Pacific,Tokyo,134,10.22
47.245.58.250,2083,2083,true,NRT,Asia Pacific,Tokyo,118,10.22
47.74.26.196,2095,2095,false,HKG,Asia Pacific,Hong Kong,203,10.22
8.219.228.30,2096,2096,true,SIN,Asia Pacific,Singapore,59,10.22
47.236.97.90,2087,2087,true,SIN,Asia Pacific,Singapore,158,10.22
8.218.211.17,2082,2082,false,HKG,Asia Pacific,Hong Kong,85,10.21
8.222.221.109,2086,2086,false,SIN,Asia Pacific,Singapore,24,10.21
8.219.245.187,2087,2087,true,SIN,Asia Pacific,Singapore,100,10.21
8.218.18.132,443,443,true,HKG,Asia Pacific,Hong Kong,46,10.21
8.222.168.24,8880,8880,false,SIN,Asia Pacific,Singapore,19,10.21
47.74.7.214,8443,8443,true,NRT,Asia Pacific,Tokyo,197,10.21
47.74.5.150,2095,2095,false,NRT,Asia Pacific,Tokyo,98,10.21
8.219.137.50,2082,2082,false,SIN,Asia Pacific,Singapore,5,10.21
47.236.144.156,2086,2086,false,SIN,Asia Pacific,Singapore,22,10.20
8.222.210.182,8880,8880,false,SIN,Asia Pacific,Singapore,23,10.20
8.219.100.155,2086,2086,false,SIN,Asia Pacific,Singapore,7,10.20
47.245.15.236,2052,2052,false,NRT,Asia Pacific,Tokyo,83,10.20
8.222.208.38,2086,2086,false,SIN,Asia Pacific,Singapore,7,10.20
47.245.62.84,2053,2053,true,NRT,Asia Pacific,Tokyo,170,10.20
8.222.213.221,8880,8880,false,SIN,Asia Pacific,Singapore,19,10.19
8.219.141.174,80,80,false,SIN,Asia Pacific,Singapore,27,10.19
8.222.180.242,2053,2053,true,SIN,Asia Pacific,Singapore,99,10.19
47.245.3.137,2053,2053,true,NRT,Asia Pacific,Tokyo,135,10.19
47.245.26.167,2082,2082,false,NRT,Asia Pacific,Tokyo,97,10.19
8.219.56.205,2053,2053,true,SIN,Asia Pacific,Singapore,46,10.19
8.219.122.96,2096,2096,true,SIN,Asia Pacific,Singapore,68,10.18
8.219.196.117,443,443,true,SIN,Asia Pacific,Singapore,95,10.18
47.245.59.244,80,80,false,NRT,Asia Pacific,Tokyo,84,10.18
47.245.56.121,8443,8443,true,NRT,Asia Pacific,Tokyo,266,10.18
8.219.72.50,2086,2086,false,SIN,Asia Pacific,Singapore,40,10.18
8.222.255.15,443,443,true,SIN,Asia Pacific,Singapore,181,10.18
8.219.170.180,8443,8443,true,SIN,Asia Pacific,Singapore,66,10.18
8.222.211.16,2095,2095,false,SIN,Asia Pacific,Singapore,16,10.18
8.219.114.201,2087,2087,true,SIN,Asia Pacific,Singapore,101,10.18
8.219.73.21,8443,8443,true,SIN,Asia Pacific,Singapore,50,10.17
47.236.75.113,2087,2087,true,SIN,Asia Pacific,Singapore,89,10.17
8.222.144.117,8880,8880,false,SIN,Asia Pacific,Singapore,16,10.17
47.245.56.29,2086,2086,false,NRT,Asia Pacific,Tokyo,99,10.17
8.219.213.112,2095,2095,false,SIN,Asia Pacific,Singapore,10,10.17
47.91.29.108,2095,2095,false,NRT,Asia Pacific,Tokyo,83,10.17
8.219.99.8,2053,2053,true,SIN,Asia Pacific,Singapore,80,10.16
47.74.11.219,2087,2087,true,NRT,Asia Pacific,Tokyo,145,10.16
8.219.102.252,2087,2087,true,SIN,Asia Pacific,Singapore,46,10.16
47.74.46.84,8443,8443,true,NRT,Asia Pacific,Tokyo,156,10.16
8.219.210.93,8080,8080,false,SIN,Asia Pacific,Singapore,14,10.16
8.219.92.89,80,80,false,SIN,Asia Pacific,Singapore,4,10.16
47.236.145.85,2096,2096,true,SIN,Asia Pacific,Singapore,97,10.16
47.245.37.12,8443,8443,true,NRT,Asia Pacific,Tokyo,326,10.16
8.219.124.227,2053,2053,true,SIN,Asia Pacific,Singapore,76,10.16
8.219.220.122,2052,2052,false,SIN,Asia Pacific,Singapore,11,10.16
8.219.228.157,2095,2095,false,SIN,Asia Pacific,Singapore,29,10.16
47.245.80.142,2095,2095,false,SIN,Asia Pacific,Singapore,60,10.15
8.219.129.38,2052,2052,false,SIN,Asia Pacific,Singapore,24,10.15
47.74.41.88,8880,8880,false,HKG,Asia Pacific,Hong Kong,164,10.15
47.245.41.84,8080,8080,false,NRT,Asia Pacific,Tokyo,80,10.15
47.74.34.73,2096,2096,true,NRT,Asia Pacific,Tokyo,95,10.15
8.219.65.191,2095,2095,false,SIN,Asia Pacific,Singapore,8,10.15
47.236.144.156,2053,2053,true,SIN,Asia Pacific,Singapore,57,10.15
8.222.140.185,8443,8443,true,SIN,Asia Pacific,Singapore,88,10.15
8.222.167.8,2052,2052,false,SIN,Asia Pacific,Singapore,11,10.15
47.245.55.94,2083,2083,true,NRT,Asia Pacific,Tokyo,178,10.15
47.245.10.77,8443,8443,true,NRT,Asia Pacific,Tokyo,273,10.15
47.74.8.238,2083,2083,true,NRT,Asia Pacific,Tokyo,158,10.15
8.222.208.83,2087,2087,true,SIN,Asia Pacific,Singapore,84,10.15
47.245.37.94,2096,2096,true,NRT,Asia Pacific,Tokyo,117,10.15
8.219.101.138,443,443,true,SIN,Asia Pacific,Singapore,55,10.14
8.219.98.13,2096,2096,true,SIN,Asia Pacific,Singapore,85,10.14
8.219.67.133,8080,8080,false,SIN,Asia Pacific,Singapore,10,10.14
8.219.233.6,2053,2053,true,SIN,Asia Pacific,Singapore,96,10.14
47.245.2.231,2096,2096,true,NRT,Asia Pacific,Tokyo,126,10.14
8.219.142.229,2052,2052,false,SIN,Asia Pacific,Singapore,15,10.13
8.219.53.222,2082,2082,false,SIN,Asia Pacific,Singapore,7,10.13
8.219.253.18,80,80,false,SIN,Asia Pacific,Singapore,11,10.13
8.219.93.85,2083,2083,true,SIN,Asia Pacific,Singapore,58,10.13
8.222.169.182,2087,2087,true,SIN,Asia Pacific,Singapore,92,10.12
47.74.26.132,2096,2096,true,NRT,Asia Pacific,Tokyo,123,10.12
47.74.54.33,2086,2086,false,NRT,Asia Pacific,Tokyo,78,10.12
47.74.34.38,2096,2096,true,NRT,Asia Pacific,Tokyo,124,10.12
47.74.34.51,2087,2087,true,NRT,Asia Pacific,Tokyo,80,10.12
47.245.56.121,8080,8080,false,NRT,Asia Pacific,Tokyo,82,10.12
8.219.233.6,2086,2086,false,SIN,Asia Pacific,Singapore,40,10.11
47.245.10.164,8880,8880,false,NRT,Asia Pacific,Tokyo,107,10.11
47.245.9.228,2053,2053,true,NRT,Asia Pacific,Tokyo,129,10.11
47.74.5.150,2087,2087,true,NRT,Asia Pacific,Tokyo,141,10.11
8.222.211.16,443,443,true,SIN,Asia Pacific,Singapore,109,10.11
8.222.168.24,2083,2083,true,SIN,Asia Pacific,Singapore,81,10.11
47.245.12.38,2083,2083,true,NRT,Asia Pacific,Tokyo,141,10.10
8.219.101.72,2095,2095,false,SIN,Asia Pacific,Singapore,12,10.10
47.91.18.207,2052,2052,false,NRT,Asia Pacific,Tokyo,83,10.10
8.222.193.208,443,443,true,SIN,Asia Pacific,Singapore,88,10.10
8.222.145.110,2086,2086,false,SIN,Asia Pacific,Singapore,18,10.10
47.245.41.84,2087,2087,true,NRT,Asia Pacific,Tokyo,245,10.10
8.219.93.5,2052,2052,false,SIN,Asia Pacific,Singapore,18,10.10
8.210.156.6,8443,8443,true,HKG,Asia Pacific,Hong Kong,37,10.10
47.245.52.165,2053,2053,true,NRT,Asia Pacific,Tokyo,238,10.10
47.245.89.102,2083,2083,true,SIN,Asia Pacific,Singapore,95,10.10
8.219.111.175,80,80,false,SIN,Asia Pacific,Singapore,12,10.09
47.236.7.246,2083,2083,true,SIN,Asia Pacific,Singapore,82,10.09
8.219.161.129,80,80,false,SIN,Asia Pacific,Singapore,8,10.09
8.222.140.87,8880,8880,false,SIN,Asia Pacific,Singapore,8,10.09
8.219.110.88,2053,2053,true,SIN,Asia Pacific,Singapore,67,10.09
8.219.98.13,2087,2087,true,SIN,Asia Pacific,Singapore,69,10.09
47.74.34.135,8880,8880,false,NRT,Asia Pacific,Tokyo,104,10.09
47.74.16.255,2086,2086,false,NRT,Asia Pacific,Tokyo,87,10.08
8.219.236.8,2096,2096,true,SIN,Asia Pacific,Singapore,38,10.08
47.245.52.165,80,80,false,NRT,Asia Pacific,Tokyo,75,10.08
8.219.248.170,2053,2053,true,SIN,Asia Pacific,Singapore,72,10.08
47.245.41.69,2096,2096,true,NRT,Asia Pacific,Tokyo,192,10.08
47.74.41.136,2087,2087,true,NRT,Asia Pacific,Tokyo,80,10.08
8.219.241.189,2096,2096,true,SIN,Asia Pacific,Singapore,103,10.08
47.236.83.239,2083,2083,true,SIN,Asia Pacific,Singapore,102,10.07
47.245.56.207,8443,8443,true,NRT,Asia Pacific,Tokyo,154,10.07
8.222.187.107,2053,2053,true,SIN,Asia Pacific,Singapore,63,10.07
47.74.5.150,2082,2082,false,NRT,Asia Pacific,Tokyo,76,10.07
47.91.21.107,8080,8080,false,NRT,Asia Pacific,Tokyo,88,10.07
47.74.9.174,2087,2087,true,NRT,Asia Pacific,Tokyo,205,10.07
8.219.58.64,443,443,true,SIN,Asia Pacific,Singapore,57,10.07
8.218.2.181,2086,2086,false,HKG,Asia Pacific,Hong Kong,124,10.07
8.218.11.90,8880,8880,false,HKG,Asia Pacific,Hong Kong,114,10.06
8.219.215.12,2087,2087,true,SIN,Asia Pacific,Singapore,80,10.06
8.222.128.131,2086,2086,false,SIN,Asia Pacific,Singapore,20,10.06
47.236.83.239,8443,8443,true,SIN,Asia Pacific,Singapore,104,10.06
8.217.207.60,8080,8080,false,HKG,Asia Pacific,Hong Kong,44,10.06
47.245.10.77,2096,2096,true,NRT,Asia Pacific,Tokyo,186,10.06
8.222.226.15,80,80,false,SIN,Asia Pacific,Singapore,14,10.06
47.245.8.68,80,80,false,NRT,Asia Pacific,Tokyo,82,10.06
8.222.254.91,2096,2096,true,SIN,Asia Pacific,Singapore,116,10.05
8.222.222.64,2083,2083,true,SIN,Asia Pacific,Singapore,123,10.05
8.219.157.97,2087,2087,true,SIN,Asia Pacific,Singapore,83,10.05
8.218.243.95,8080,8080,false,HKG,Asia Pacific,Hong Kong,50,10.05
8.222.145.164,8443,8443,true,SIN,Asia Pacific,Singapore,83,10.05
47.74.4.47,2087,2087,true,NRT,Asia Pacific,Tokyo,123,10.05
47.91.16.214,80,80,false,NRT,Asia Pacific,Tokyo,85,10.04
8.219.140.229,2083,2083,true,SIN,Asia Pacific,Singapore,61,10.04
47.236.104.98,2083,2083,true,SIN,Asia Pacific,Singapore,73,10.04
8.222.198.105,2087,2087,true,SIN,Asia Pacific,Singapore,114,10.04
47.74.42.17,2095,2095,false,NRT,Asia Pacific,Tokyo,108,10.04
8.222.212.172,2082,2082,false,SIN,Asia Pacific,Singapore,7,10.04
47.245.41.169,8880,8880,false,NRT,Asia Pacific,Tokyo,78,10.04
8.222.212.219,2086,2086,false,SIN,Asia Pacific,Singapore,4,10.04
47.74.18.121,2083,2083,true,NRT,Asia Pacific,Tokyo,134,10.03
8.222.160.61,2086,2086,false,SIN,Asia Pacific,Singapore,24,10.03
8.219.78.1,2053,2053,true,SIN,Asia Pacific,Singapore,61,10.03
47.245.52.240,2087,2087,true,NRT,Asia Pacific,Tokyo,219,10.03
8.219.104.242,2096,2096,true,SIN,Asia Pacific,Singapore,96,10.03
47.74.15.80,2082,2082,false,NRT,Asia Pacific,Tokyo,84,10.02
8.219.60.54,2095,2095,false,SIN,Asia Pacific,Singapore,9,10.02
8.222.253.235,8443,8443,true,SIN,Asia Pacific,Singapore,96,10.02
8.219.67.133,2082,2082,false,SIN,Asia Pacific,Singapore,10,10.02
47.245.37.89,2096,2096,true,NRT,Asia Pacific,Tokyo,185,10.01
47.91.21.107,2096,2096,true,NRT,Asia Pacific,Tokyo,131,10.01
8.219.228.193,2083,2083,true,SIN,Asia Pacific,Singapore,110,10.01
8.222.137.178,2053,2053,true,SIN,Asia Pacific,Singapore,92,10.01
47.74.27.211,80,80,false,NRT,Asia Pacific,Tokyo,99,10.01
8.219.112.75,2087,2087,true,SIN,Asia Pacific,Singapore,55,10.01
8.217.159.210,8880,8880,false,HKG,Asia Pacific,Hong Kong,129,10.01
47.74.6.16,80,80,false,NRT,Asia Pacific,Tokyo,79,10.01
8.219.82.177,2053,2053,true,SIN,Asia Pacific,Singapore,52,10.00
8.219.186.189,443,443,true,SIN,Asia Pacific,Singapore,83,9.99
8.219.174.142,8080,8080,false,SIN,Asia Pacific,Singapore,423,9.99
47.245.84.155,2052,2052,false,SIN,Asia Pacific,Singapore,17,9.99
8.219.5.10,2086,2086,false,SIN,Asia Pacific,Singapore,4,9.99
8.222.202.163,2053,2053,true,SIN,Asia Pacific,Singapore,114,9.99
47.74.7.51,2082,2082,false,NRT,Asia Pacific,Tokyo,78,9.99
8.219.251.81,443,443,true,SIN,Asia Pacific,Singapore,101,9.99
47.236.83.239,2053,2053,true,SIN,Asia Pacific,Singapore,138,9.99
47.245.4.219,8080,8080,false,NRT,Asia Pacific,Tokyo,90,9.99
47.245.54.140,2082,2082,false,NRT,Asia Pacific,Tokyo,86,9.99
47.74.52.104,8443,8443,true,NRT,Asia Pacific,Tokyo,133,9.99
8.222.155.242,80,80,false,SIN,Asia Pacific,Singapore,10,9.98
8.222.244.123,2096,2096,true,SIN,Asia Pacific,Singapore,54,9.98
8.222.238.141,8080,8080,false,SIN,Asia Pacific,Singapore,8,9.98
47.74.5.99,2053,2053,true,NRT,Asia Pacific,Tokyo,187,9.98
47.245.29.64,80,80,false,NRT,Asia Pacific,Tokyo,77,9.98
47.74.22.171,2096,2096,true,NRT,Asia Pacific,Tokyo,157,9.98
8.222.213.221,2086,2086,false,SIN,Asia Pacific,Singapore,8,9.98
8.219.195.47,443,443,true,SIN,Asia Pacific,Singapore,109,9.98
8.222.214.231,443,443,true,SIN,Asia Pacific,Singapore,81,9.97
47.74.7.214,2095,2095,false,NRT,Asia Pacific,Tokyo,71,9.97
8.222.214.231,2052,2052,false,SIN,Asia Pacific,Singapore,30,9.97
8.222.202.163,8880,8880,false,SIN,Asia Pacific,Singapore,9,9.97
47.74.13.66,80,80,false,NRT,Asia Pacific,Tokyo,94,9.96
47.245.41.69,2053,2053,true,NRT,Asia Pacific,Tokyo,148,9.96
8.219.111.175,2083,2083,true,SIN,Asia Pacific,Singapore,105,9.96
47.74.22.171,2083,2083,true,NRT,Asia Pacific,Tokyo,152,9.95
47.74.39.194,8880,8880,false,NRT,Asia Pacific,Tokyo,76,9.95
8.222.167.147,2082,2082,false,SIN,Asia Pacific,Singapore,16,9.95
8.219.111.175,8443,8443,true,SIN,Asia Pacific,Singapore,55,9.94
47.245.14.160,8080,8080,false,NRT,Asia Pacific,Tokyo,77,9.94
8.219.198.139,8443,8443,true,SIN,Asia Pacific,Singapore,118,9.94
8.222.164.209,2052,2052,false,SIN,Asia Pacific,Singapore,37,9.94
8.219.72.51,2096,2096,true,SIN,Asia Pacific,Singapore,45,9.94
47.245.54.140,8080,8080,false,NRT,Asia Pacific,Tokyo,116,9.94
8.219.237.250,8443,8443,true,SIN,Asia Pacific,Singapore,163,9.94
8.219.159.232,2096,2096,true,SIN,Asia Pacific,Singapore,49,9.94
8.219.167.65,2095,2095,false,SIN,Asia Pacific,Singapore,11,9.93
47.245.54.140,2083,2083,true,NRT,Asia Pacific,Tokyo,207,9.93
8.219.178.101,2083,2083,true,SIN,Asia Pacific,Singapore,109,9.93
47.74.12.139,2087,2087,true,NRT,Asia Pacific,Tokyo,114,9.93
8.210.192.93,2086,2086,false,HKG,Asia Pacific,Hong Kong,43,9.93
47.245.62.84,80,80,false,NRT,Asia Pacific,Tokyo,90,9.93
47.74.54.145,8880,8880,false,NRT,Asia Pacific,Tokyo,92,9.93
8.222.236.229,2082,2082,false,SIN,Asia Pacific,Singapore,17,9.93
8.219.83.201,2082,2082,false,SIN,Asia Pacific,Singapore,4,9.92
8.222.221.86,8880,8880,false,SIN,Asia Pacific,Singapore,12,9.92
8.219.107.199,2083,2083,true,SIN,Asia Pacific,Singapore,104,9.92
8.219.249.38,2053,2053,true,SIN,Asia Pacific,Singapore,52,9.92
47.74.27.94,2087,2087,true,NRT,Asia Pacific,Tokyo,141,9.92
8.219.151.193,443,443,true,SIN,Asia Pacific,Singapore,38,9.92
8.222.137.166,80,80,false,SIN,Asia Pacific,Singapore,32,9.92
8.222.168.234,2096,2096,true,SIN,Asia Pacific,Singapore,89,9.92
47.245.108.213,2086,2086,false,SIN,Asia Pacific,Singapore,20,9.91
47.91.18.207,8443,8443,true,NRT,Asia Pacific,Tokyo,79,9.91
47.74.13.94,2053,2053,true,NRT,Asia Pacific,Tokyo,163,9.91
47.236.125.62,80,80,false,SIN,Asia Pacific,Singapore,27,9.91
47.245.53.101,80,80,false,NRT,Asia Pacific,Tokyo,125,9.91
47.245.107.174,2087,2087,true,SIN,Asia Pacific,Singapore,70,9.91
47.245.56.121,80,80,false,NRT,Asia Pacific,Tokyo,90,9.90
47.74.27.94,2095,2095,false,NRT,Asia Pacific,Tokyo,99,9.90
47.236.116.182,8080,8080,false,SIN,Asia Pacific,Singapore,38,9.90
8.219.112.75,8443,8443,true,SIN,Asia Pacific,Singapore,77,9.90
8.222.168.234,8880,8880,false,SIN,Asia Pacific,Singapore,5,9.90
8.222.180.242,2096,2096,true,SIN,Asia Pacific,Singapore,44,9.90
8.219.172.128,8443,8443,true,SIN,Asia Pacific,Singapore,71,9.90
8.222.198.105,443,443,true,SIN,Asia Pacific,Singapore,110,9.90
47.245.54.58,8880,8880,false,NRT,Asia Pacific,Tokyo,81,9.90
47.236.87.246,2083,2083,true,SIN,Asia Pacific,Singapore,110,9.89
47.74.46.84,2095,2095,false,NRT,Asia Pacific,Tokyo,75,9.89
8.219.222.98,8080,8080,false,SIN,Asia Pacific,Singapore,17,9.89
8.219.238.145,2086,2086,false,SIN,Asia Pacific,Singapore,5,9.89
47.74.23.99,2095,2095,false,NRT,Asia Pacific,Tokyo,90,9.89
8.219.240.160,2083,2083,true,SIN,Asia Pacific,Singapore,126,9.88
8.219.122.55,2052,2052,false,SIN,Asia Pacific,Singapore,6,9.88
47.91.2.165,8443,8443,true,NRT,Asia Pacific,Tokyo,91,9.88
47.245.53.101,8443,8443,true,NRT,Asia Pacific,Tokyo,84,9.88
47.245.26.167,2053,2053,true,NRT,Asia Pacific,Tokyo,126,9.88
8.219.167.113,2095,2095,false,SIN,Asia Pacific,Singapore,30,9.88
47.245.54.98,2095,2095,false,NRT,Asia Pacific,Tokyo,83,9.88
47.245.37.12,80,80,false,NRT,Asia Pacific,Tokyo,81,9.88
47.245.42.162,2095,2095,false,NRT,Asia Pacific,Tokyo,80,9.87
47.74.14.85,80,80,false,NRT,Asia Pacific,Tokyo,82,9.87
8.219.100.155,2096,2096,true,SIN,Asia Pacific,Singapore,56,9.87
8.219.213.112,8880,8880,false,SIN,Asia Pacific,Singapore,274,9.87
8.219.213.133,8443,8443,true,SIN,Asia Pacific,Singapore,83,9.87
47.245.58.175,2052,2052,false,NRT,Asia Pacific,Tokyo,77,9.87
8.219.151.193,8880,8880,false,SIN,Asia Pacific,Singapore,6,9.87
47.236.94.109,80,80,false,SIN,Asia Pacific,Singapore,27,9.87
47.91.29.174,2086,2086,false,NRT,Asia Pacific,Tokyo,75,9.87
47.245.9.228,2087,2087,true,NRT,Asia Pacific,Tokyo,152,9.87
47.74.13.66,8880,8880,false,NRT,Asia Pacific,Tokyo,86,9.86
47.245.14.160,2096,2096,true,NRT,Asia Pacific,Tokyo,201,9.86
47.74.16.255,2083,2083,true,NRT,Asia Pacific,Tokyo,188,9.86
8.222.227.191,8880,8880,false,SIN,Asia Pacific,Singapore,23,9.86
8.219.134.117,8080,8080,false,SIN,Asia Pacific,Singapore,38,9.86
47.91.16.198,2087,2087,true,NRT,Asia Pacific,Tokyo,151,9.86
47.74.52.104,8080,8080,false,NRT,Asia Pacific,Tokyo,86,9.86
8.222.252.150,2096,2096,true,SIN,Asia Pacific,Singapore,96,9.86
8.219.93.5,2095,2095,false,SIN,Asia Pacific,Singapore,27,9.86
47.236.97.254,8443,8443,true,SIN,Asia Pacific,Singapore,85,9.85
8.210.65.1,2052,2052,false,HKG,Asia Pacific,Hong Kong,82,9.85
8.222.202.163,2096,2096,true,SIN,Asia Pacific,Singapore,119,9.85
8.209.255.195,2096,2096,true,HKG,Asia Pacific,Hong Kong,187,9.85
47.245.56.121,2052,2052,false,NRT,Asia Pacific,Tokyo,99,9.84
47.74.22.171,2095,2095,false,NRT,Asia Pacific,Tokyo,105,9.84
8.222.226.15,2053,2053,true,SIN,Asia Pacific,Singapore,17,9.84
47.245.54.197,2052,2052,false,NRT,Asia Pacific,Tokyo,75,9.84
47.74.8.238,2053,2053,true,NRT,Asia Pacific,Tokyo,122,9.83
47.74.34.73,8443,8443,true,NRT,Asia Pacific,Tokyo,126,9.83
8.219.175.127,443,443,true,SIN,Asia Pacific,Singapore,73,9.83
8.222.211.124,2082,2082,false,SIN,Asia Pacific,Singapore,16,9.83
47.74.22.243,2087,2087,true,NRT,Asia Pacific,Tokyo,229,9.83
47.245.55.235,2052,2052,false,NRT,Asia Pacific,Tokyo,111,9.83
47.245.52.165,2095,2095,false,NRT,Asia Pacific,Tokyo,96,9.83
47.74.13.239,2096,2096,true,NRT,Asia Pacific,Tokyo,195,9.82
47.74.34.162,8880,8880,false,NRT,Asia Pacific,Tokyo,79,9.82
47.74.27.151,80,80,false,NRT,Asia Pacific,Tokyo,72,9.82
8.219.250.239,443,443,true,SIN,Asia Pacific,Singapore,39,9.82
47.245.86.230,443,443,true,SIN,Asia Pacific,Singapore,103,9.82
8.222.210.182,2083,2083,true,SIN,Asia Pacific,Singapore,129,9.82
47.74.27.151,2083,2083,true,NRT,Asia Pacific,Tokyo,221,9.82
47.74.11.251,2083,2083,true,NRT,Asia Pacific,Tokyo,73,9.82
8.222.222.64,2087,2087,true,SIN,Asia Pacific,Singapore,57,9.82
8.222.144.219,8080,8080,false,SIN,Asia Pacific,Singapore,11,9.81
47.74.3.2,8080,8080,false,NRT,Asia Pacific,Tokyo,93,9.81
47.74.12.139,2095,2095,false,NRT,Asia Pacific,Tokyo,83,9.81
8.219.250.239,8880,8880,false,SIN,Asia Pacific,Singapore,16,9.81
47.91.29.174,2096,2096,true,NRT,Asia Pacific,Tokyo,136,9.81
47.245.52.153,2053,2053,true,NRT,Asia Pacific,Tokyo,207,9.81
8.219.100.155,2087,2087,true,SIN,Asia Pacific,Singapore,128,9.81
8.219.114.201,2053,2053,true,SIN,Asia Pacific,Singapore,73,9.81
47.245.11.118,80,80,false,NRT,Asia Pacific,Tokyo,82,9.80
47.245.34.36,8443,8443,true,NRT,Asia Pacific,Tokyo,193,9.80
8.219.196.24,2083,2083,true,SIN,Asia Pacific,Singapore,65,9.80
47.243.107.148,2095,2095,false,HKG,Asia Pacific,Hong Kong,39,9.80
47.245.33.158,8443,8443,true,NRT,Asia Pacific,Tokyo,294,9.80
47.74.15.80,2083,2083,true,NRT,Asia Pacific,Tokyo,117,9.80
47.245.37.89,80,80,false,NRT,Asia Pacific,Tokyo,78,9.80
8.219.228.193,2052,2052,false,SIN,Asia Pacific,Singapore,18,9.80
47.91.31.235,2083,2083,true,NRT,Asia Pacific,Tokyo,90,9.79
8.219.230.254,2096,2096,true,SIN,Asia Pacific,Singapore,94,9.79
8.219.113.27,2096,2096,true,SIN,Asia Pacific,Singapore,98,9.79
8.219.170.232,2053,2053,true,SIN,Asia Pacific,Singapore,126,9.79
8.219.249.38,2052,2052,false,SIN,Asia Pacific,Singapore,11,9.79
47.245.114.163,8443,8443,true,SIN,Asia Pacific,Singapore,108,9.79
8.219.201.8,2096,2096,true,SIN,Asia Pacific,Singapore,113,9.79
47.245.86.230,2082,2082,false,SIN,Asia Pacific,Singapore,9,9.79
47.74.34.51,8880,8880,false,NRT,Asia Pacific,Tokyo,97,9.79
8.219.248.170,2095,2095,false,SIN,Asia Pacific,Singapore,8,9.78
47.245.14.216,8443,8443,true,NRT,Asia Pacific,Tokyo,83,9.78
47.74.15.117,2053,2053,true,NRT,Asia Pacific,Tokyo,129,9.78
47.245.8.68,8443,8443,true,NRT,Asia Pacific,Tokyo,151,9.78
47.74.13.94,2083,2083,true,NRT,Asia Pacific,Tokyo,128,9.77
8.222.129.32,2096,2096,true,SIN,Asia Pacific,Singapore,109,9.77
8.219.103.65,443,443,true,SIN,Asia Pacific,Singapore,69,9.77
8.222.224.163,2083,2083,true,SIN,Asia Pacific,Singapore,107,9.77
47.245.107.174,8080,8080,false,SIN,Asia Pacific,Singapore,7,9.77
8.219.240.160,2096,2096,true,SIN,Asia Pacific,Singapore,105,9.76
8.219.129.38,2053,2053,true,SIN,Asia Pacific,Singapore,61,9.76
8.222.175.78,2053,2053,true,SIN,Asia Pacific,Singapore,46,9.76
8.219.110.88,80,80,false,SIN,Asia Pacific,Singapore,7,9.76
8.222.221.197,8080,8080,false,SIN,Asia Pacific,Singapore,24,9.76
8.219.152.195,443,443,true,SIN,Asia Pacific,Singapore,132,9.76
8.219.60.68,2087,2087,true,SIN,Asia Pacific,Singapore,13,9.76
8.222.175.78,2083,2083,true,SIN,Asia Pacific,Singapore,97,9.75
47.245.55.94,2082,2082,false,NRT,Asia Pacific,Tokyo,95,9.75
8.219.126.240,8443,8443,true,SIN,Asia Pacific,Singapore,74,9.75
47.245.10.164,2083,2083,true,NRT,Asia Pacific,Tokyo,166,9.75
8.219.106.15,2087,2087,true,SIN,Asia Pacific,Singapore,50,9.75
47.245.41.69,2082,2082,false,NRT,Asia Pacific,Tokyo,76,9.75
8.219.250.239,2096,2096,true,SIN,Asia Pacific,Singapore,189,9.74
8.217.149.28,8080,8080,false,HKG,Asia Pacific,Hong Kong,107,9.74
47.245.11.108,8443,8443,true,NRT,Asia Pacific,Tokyo,172,9.74
47.245.56.121,2053,2053,true,NRT,Asia Pacific,Tokyo,161,9.74
8.219.230.254,2096,2096,true,SIN,Asia Pacific,Singapore,86,9.74
47.74.3.2,2096,2096,true,NRT,Asia Pacific,Tokyo,193,9.74
47.245.3.137,8443,8443,true,NRT,Asia Pacific,Tokyo,247,9.74
8.219.78.1,443,443,true,SIN,Asia Pacific,Singapore,86,9.73
47.74.43.24,8080,8080,false,NRT,Asia Pacific,Tokyo,86,9.72
47.245.29.64,2096,2096,true,NRT,Asia Pacific,Tokyo,217,9.72
8.219.174.213,8443,8443,true,SIN,Asia Pacific,Singapore,100,9.72
47.74.16.255,2053,2053,true,NRT,Asia Pacific,Tokyo,191,9.72
8.222.252.150,8443,8443,true,SIN,Asia Pacific,Singapore,135,9.72
47.243.203.119,2096,2096,true,HKG,Asia Pacific,Hong Kong,52,9.71
8.219.201.245,2052,2052,false,SIN,Asia Pacific,Singapore,30,9.71
47.74.5.99,2053,2053,true,NRT,Asia Pacific,Tokyo,122,9.71
8.219.233.6,8880,8880,false,SIN,Asia Pacific,Singapore,30,9.71
8.219.137.50,2082,2082,false,SIN,Asia Pacific,Singapore,19,9.71
47.74.7.214,2083,2083,true,NRT,Asia Pacific,Tokyo,167,9.71
8.219.196.24,2052,2052,false,SIN,Asia Pacific,Singapore,12,9.71
47.245.41.169,2087,2087,true,NRT,Asia Pacific,Tokyo,260,9.71
47.74.27.151,2083,2083,true,NRT,Asia Pacific,Tokyo,161,9.71
8.219.93.5,2082,2082,false,SIN,Asia Pacific,Singapore,2,9.70
47.245.56.207,8443,8443,true,NRT,Asia Pacific,Tokyo,126,9.70
47.245.11.216,8443,8443,true,NRT,Asia Pacific,Tokyo,239,9.70
8.222.238.141,8880,8880,false,SIN,Asia Pacific,Singapore,9,9.70
8.219.73.188,80,80,false,SIN,Asia Pacific,Singapore,11,9.70
47.245.55.99,80,80,false,NRT,Asia Pacific,Tokyo,110,9.70
47.74.50.249,2083,2083,true,NRT,Asia Pacific,Tokyo,95,9.69
8.219.237.250,443,443,true,SIN,Asia Pacific,Singapore,120,9.69
47.245.56.121,2052,2052,false,NRT,Asia Pacific,Tokyo,90,9.69
8.219.220.122,2083,2083,true,SIN,Asia Pacific,Singapore,109,9.69
47.245.37.94,2053,2053,true,NRT,Asia Pacific,Tokyo,200,9.69
8.222.229.102,80,80,false,SIN,Asia Pacific,Singapore,8,9.69
47.245.10.156,2083,2083,true,NRT,Asia Pacific,Tokyo,114,9.69
47.74.34.51,8443,8443,true,NRT,Asia Pacific,Tokyo,167,9.69
8.217.149.28,2083,2083,true,HKG,Asia Pacific,Hong Kong,65,9.68
47.245.31.0,2095,2095,false,NRT,Asia Pacific,Tokyo,83,9.68
47.74.43.95,2096,2096,true,NRT,Asia Pacific,Tokyo,71,9.68
8.219.103.65,2082,2082,false,SIN,Asia Pacific,Singapore,19,9.68
8.219.170.223,2087,2087,true,SIN,Asia Pacific,Singapore,128,9.68
8.219.140.229,2095,2095,false,SIN,Asia Pacific,Singapore,15,9.68
47.74.11.3,2082,2082,false,NRT,Asia Pacific,Tokyo,76,9.68
47.74.27.211,2086,2086,false,NRT,Asia Pacific,Tokyo,79,9.68
8.222.129.32,8080,8080,false,SIN,Asia Pacific,Singapore,16,9.67
47.245.12.179,2095,2095,false,NRT,Asia Pacific,Tokyo,79,9.67
8.219.13.143,8443,8443,true,SIN,Asia Pacific,Singapore,72,9.67
8.217.159.210,80,80,false,HKG,Asia Pacific,Hong Kong,32,9.67
8.219.201.174,2053,2053,true,SIN,Asia Pacific,Singapore,91,9.67
8.219.195.47,2087,2087,true,SIN,Asia Pacific,Singapore,6,9.67
8.219.77.222,8880,8880,false,SIN,Asia Pacific,Singapore,5,9.67
47.245.37.37,8080,8080,false,NRT,Asia Pacific,Tokyo,78,9.67
47.74.26.132,2096,2096,true,NRT,Asia Pacific,Tokyo,283,9.66
47.74.16.67,80,80,false,NRT,Asia Pacific,Tokyo,73,9.66
8.219.151.193,2082,2082,false,SIN,Asia Pacific,Singapore,10,9.66
8.219.193.22,8443,8443,true,SIN,Asia Pacific,Singapore,101,9.66
47.245.13.93,2087,2087,true,NRT,Asia Pacific,Tokyo,129,9.66
8.222.150.197,2083,2083,true,SIN,Asia Pacific,Singapore,165,9.66
47.74.37.50,8880,8880,false,NRT,Asia Pacific,Tokyo,80,9.65
47.74.0.183,8880,8880,false,NRT,Asia Pacific,Tokyo,79,9.65
47.74.5.150,2095,2095,false,NRT,Asia Pacific,Tokyo,77,9.65
47.245.57.109,2087,2087,true,NRT,Asia Pacific,Tokyo,136,9.65
8.219.185.191,2083,2083,true,SIN,Asia Pacific,Singapore,104,9.65
8.219.115.215,80,80,false,SIN,Asia Pacific,Singapore,26,9.65
8.222.221.109,80,80,false,SIN,Asia Pacific,Singapore,60,9.64
47.245.41.169,8080,8080,false,NRT,Asia Pacific,Tokyo,88,9.64
8.219.173.239,2083,2083,true,SIN,Asia Pacific,Singapore,96,9.64
47.245.58.175,2053,2053,true,NRT,Asia Pacific,Tokyo,175,9.64
47.245.33.158,2096,2096,true,NRT,Asia Pacific,Tokyo,128,9.64
47.74.27.94,80,80,false,NRT,Asia Pacific,Tokyo,88,9.64
8.217.147.230,2086,2086,false,HKG,Asia Pacific,Hong Kong,87,9.63
47.74.11.219,2083,2083,true,NRT,Asia Pacific,Tokyo,188,9.63
47.74.49.62,2052,2052,false,NRT,Asia Pacific,Tokyo,73,9.63
47.245.30.65,2083,2083,true,NRT,Asia Pacific,Tokyo,159,9.63
47.245.34.140,2082,2082,false,NRT,Asia Pacific,Tokyo,99,9.63
47.245.115.6,2082,2082,false,SIN,Asia Pacific,Singapore,17,9.63
47.245.42.162,2053,2053,true,NRT,Asia Pacific,Tokyo,185,9.63
8.222.221.197,8880,8880,false,SIN,Asia Pacific,Singapore,22,9.63
8.219.201.174,443,443,true,SIN,Asia Pacific,Singapore,174,9.63
8.219.126.240,8880,8880,false,SIN,Asia Pacific,Singapore,19,9.63
47.245.10.164,2087,2087,true,NRT,Asia Pacific,Tokyo,216,9.63
8.222.159.252,8443,8443,true,SIN,Asia Pacific,Singapore,145,9.62
8.219.209.14,2052,2052,false,SIN,Asia Pacific,Singapore,80,9.62
8.222.144.117,8443,8443,true,SIN,Asia Pacific,Singapore,75,9.62
8.219.195.47,2082,2082,false,SIN,Asia Pacific,Singapore,8,9.62
47.74.5.150,8443,8443,true,NRT,Asia Pacific,Tokyo,144,9.62
8.218.11.90,2096,2096,true,HKG,Asia Pacific,Hong Kong,128,9.62
8.219.228.186,443,443,true,SIN,Asia Pacific,Singapore,104,9.61
8.222.222.64,2053,2053,true,SIN,Asia Pacific,Singapore,151,9.61
8.219.4.122,2096,2096,true,SIN,Asia Pacific,Singapore,111,9.61
47.245.54.58,2096,2096,true,NRT,Asia Pacific,Tokyo,226,9.61
47.245.30.144,2096,2096,true,NRT,Asia Pacific,Tokyo,174,9.61
8.222.160.61,2053,2053,true,SIN,Asia Pacific,Singapore,96,9.61
47.74.8.238,8443,8443,true,NRT,Asia Pacific,Tokyo,206,9.61
47.245.52.165,2095,2095,false,NRT,Asia Pacific,Tokyo,78,9.61
8.219.249.38,2096,2096,true,SIN,Asia Pacific,Singapore,88,9.60
8.219.201.8,2083,2083,true,SIN,Asia Pacific,Singapore,60,9.60
47.74.13.200,2096,2096,true,NRT,Asia Pacific,Tokyo,171,9.60
8.219.83.201,80,80,false,SIN,Asia Pacific,Singapore,18,9.60
47.245.40.161,2096,2096,true,NRT,Asia Pacific,Tokyo,191,9.60
47.74.15.120,2053,2053,true,NRT,Asia Pacific,Tokyo,220,9.60
8.222.221.86,2083,2083,true,SIN,Asia Pacific,Singapore,33,9.60
8.222.210.182,443,443,true,SIN,Asia Pacific,Singapore,114,9.60
47.74.22.243,2096,2096,true,NRT,Asia Pacific,Tokyo,254,9.60
47.245.56.207,8080,8080,false,NRT,Asia Pacific,Tokyo,86,9.60
47.245.37.94,2083,2083,true,NRT,Asia Pacific,Tokyo,313,9.60
47.74.23.99,2082,2082,false,NRT,Asia Pacific,Tokyo,73,9.60
47.245.8.68,2052,2052,false,NRT,Asia Pacific,Tokyo,83,9.60
47.245.3.137,2083,2083,true,NRT,Asia Pacific,Tokyo,201,9.60
8.222.212.219,443,443,true,SIN,Asia Pacific,Singapore,64,9.59
47.236.116.182,2052,2052,false,SIN,Asia Pacific,Singapore,21,9.59
8.219.228.157,2083,2083,true,SIN,Asia Pacific,Singapore,58,9.59
8.222.236.229,8080,8080,false,SIN,Asia Pacific,Singapore,32,9.59
8.219.235.164,8443,8443,true,SIN,Asia Pacific,Singapore,92,9.59
47.245.37.12,8880,8880,false,NRT,Asia Pacific,Tokyo,74,9.59
8.209.212.5,2087,2087,true,NRT,Asia Pacific,Tokyo,132,9.58
47.245.59.244,2096,2096,true,NRT,Asia Pacific,Tokyo,191,9.58
8.219.167.113,80,80,false,SIN,Asia Pacific,Singapore,13,9.58
47.245.56.207,2096,2096,true,NRT,Asia Pacific,Tokyo,201,9.58
47.245.52.165,2087,2087,true,NRT,Asia Pacific,Tokyo,329,9.57
47.245.55.99,2082,2082,false,NRT,Asia Pacific,Tokyo,80,9.57
8.219.213.84,2053,2053,true,SIN,Asia Pacific,Singapore,173,9.57
8.219.209.14,2052,2052,false,SIN,Asia Pacific,Singapore,12,9.57
8.219.206.180,443,443,true,SIN,Asia Pacific,Singapore,141,9.57
47.245.37.41,2086,2086,false,NRT,Asia Pacific,Tokyo,82,9.57
47.74.10.135,2096,2096,true,NRT,Asia Pacific,Tokyo,155,9.57
47.236.87.206,2083,2083,true,SIN,Asia Pacific,Singapore,123,9.57
47.245.29.126,8443,8443,true,NRT,Asia Pacific,Tokyo,322,9.57
47.74.16.67,8443,8443,true,NRT,Asia Pacific,Tokyo,144,9.56
47.245.14.216,80,80,false,NRT,Asia Pacific,Tokyo,97,9.55
47.74.39.96,2087,2087,true,NRT,Asia Pacific,Tokyo,147,9.55
47.74.8.238,2053,2053,true,NRT,Asia Pacific,Tokyo,155,9.55
47.74.3.2,2095,2095,false,NRT,Asia Pacific,Tokyo,80,9.55
8.219.198.34,8443,8443,true,SIN,Asia Pacific,Singapore,95,9.55
47.245.39.28,2096,2096,true,NRT,Asia Pacific,Tokyo,215,9.55
47.74.6.16,2096,2096,true,NRT,Asia Pacific,Tokyo,159,9.55
8.209.241.128,2086,2086,false,NRT,Asia Pacific,Tokyo,85,9.54
47.245.11.118,2096,2096,true,NRT,Asia Pacific,Tokyo,125,9.54
8.222.215.228,2083,2083,true,SIN,Asia Pacific,Singapore,115,9.54
47.245.8.68,2053,2053,true,NRT,Asia Pacific,Tokyo,213,9.53
8.219.134.63,2052,2052,false,SIN,Asia Pacific,Singapore,46,9.53
47.245.113.12,2052,2052,false,SIN,Asia Pacific,Singapore,11,9.53
47.74.42.111,2087,2087,true,NRT,Asia Pacific,Tokyo,137,9.53
8.222.227.191,2086,2086,false,SIN,Asia Pacific,Singapore,10,9.53
8.222.222.64,8080,8080,false,SIN,Asia Pacific,Singapore,6,9.53
8.219.77.222,80,80,false,SIN,Asia Pacific,Singapore,20,9.53
47.245.15.39,2053,2053,true,NRT,Asia Pacific,Tokyo,190,9.53
8.219.87.34,2095,2095,false,SIN,Asia Pacific,Singapore,35,9.53
47.245.34.140,2096,2096,true,NRT,Asia Pacific,Tokyo,182,9.53
8.222.131.102,2086,2086,false,SIN,Asia Pacific,Singapore,21,9.52
47.245.15.207,2096,2096,true,NRT,Asia Pacific,Tokyo,264,9.52
8.219.60.54,2052,2052,false,SIN,Asia Pacific,Singapore,11,9.52
8.219.124.227,2082,2082,false,SIN,Asia Pacific,Singapore,25,9.52
8.217.147.230,8080,8080,false,HKG,Asia Pacific,Hong Kong,35,9.52
47.74.15.117,8080,8080,false,NRT,Asia Pacific,Tokyo,76,9.52
8.222.222.64,2096,2096,true,SIN,Asia Pacific,Singapore,65,9.52
8.219.215.12,2052,2052,false,SIN,Asia Pacific,Singapore,8,9.52
47.245.62.84,8080,8080,false,NRT,Asia Pacific,Tokyo,73,9.52
8.219.170.232,2082,2082,false,SIN,Asia Pacific,Singapore,16,9.52
8.219.196.24,80,80,false,SIN,Asia Pacific,Singapore,32,9.52
8.219.126.240,2083,2083,true,SIN,Asia Pacific,Singapore,76,9.52
47.245.94.144,2086,2086,false,SIN,Asia Pacific,Singapore,17,9.52
8.219.174.142,2082,2082,false,SIN,Asia Pacific,Singapore,5,9.51
8.219.97.179,80,80,false,SIN,Asia Pacific,Singapore,4,9.51
47.245.53.50,2052,2052,false,NRT,Asia Pacific,Tokyo,89,9.51
8.219.174.213,2086,2086,false,SIN,Asia Pacific,Singapore,17,9.51
47.74.36.154,8080,8080,false,NRT,Asia Pacific,Tokyo,69,9.51
47.74.54.145,8080,8080,false,NRT,Asia Pacific,Tokyo,79,9.50
8.219.209.14,80,80,false,SIN,Asia Pacific,Singapore,29,9.50
47.236.79.77,2083,2083,true,SIN,Asia Pacific,Singapore,165,9.50
47.91.18.207,8880,8880,false,NRT,Asia Pacific,Tokyo,82,9.50
8.219.113.27,2096,2096,true,SIN,Asia Pacific,Singapore,86,9.50
8.219.104.242,8443,8443,true,SIN,Asia Pacific,Singapore,66,9.49
47.74.10.135,2083,2083,true,NRT,Asia Pacific,Tokyo,143,9.49
47.245.54.197,2082,2082,false,NRT,Asia Pacific,Tokyo,99,9.49
8.219.67.133,2052,2052,false,SIN,Asia Pacific,Singapore,6,9.49
8.219.193.202,2096,2096,true,SIN,Asia Pacific,Singapore,13,9.49
8.219.233.6,2096,2096,true,SIN,Asia Pacific,Singapore,88,9.49
8.219.210.226,2053,2053,true,SIN,Asia Pacific,Singapore,131,9.49
8.222.219.34,2083,2083,true,SIN,Asia Pacific,Singapore,124,9.49
8.219.170.223,2087,2087,true,SIN,Asia Pacific,Singapore,92,9.48
47.245.56.207,2052,2052,false,NRT,Asia Pacific,Tokyo,93,9.48
47.74.5.233,2082,2082,false,NRT,Asia Pacific,Tokyo,94,9.48
47.74.27.151,2087,2087,true,NRT,Asia Pacific,Tokyo,149,9.48
8.222.244.123,2096,2096,true,SIN,Asia Pacific,Singapore,94,9.48
8.219.60.130,2082,2082,false,SIN,Asia Pacific,Singapore,5,9.48
8.219.99.8,2052,2052,false,SIN,Asia Pacific,Singapore,5,9.48
47.74.32.25,2087,2087,true,NRT,Asia Pacific,Tokyo,133,9.48
8.222.155.242,2086,2086,false,SIN,Asia Pacific,Singapore,17,9.48
47.245.59.244,2082,2082,false,NRT,Asia Pacific,Tokyo,87,9.48
47.245.80.142,8443,8443,true,SIN,Asia Pacific,Singapore,126,9.48
8.219.196.117,2087,2087,true,SIN,Asia Pacific,Singapore,102,9.48
8.222.202.163,2095,2095,false,SIN,Asia Pacific,Singapore,20,9.47
8.222.214.13,8880,8880,false,SIN,Asia Pacific,Singapore,15,9.47
8.222.187.107,2096,2096,true,SIN,Asia Pacific,Singapore,116,9.47
8.219.202.130,2096,2096,true,SIN,Asia Pacific,Singapore,90,9.47
8.219.200.145,2053,2053,true,SIN,Asia Pacific,Singapore,61,9.47
47.245.32.215,2087,2087,true,NRT,Asia Pacific,Tokyo,288,9.47
47.236.104.11,2083,2083,true,SIN,Asia Pacific,Singapore,29,9.46
8.222.140.185,8080,8080,false,SIN,Asia Pacific,Singapore,10,9.46
8.222.212.219,2083,2083,true,SIN,Asia Pacific,Singapore,69,9.46
8.219.103.65,2096,2096,true,SIN,Asia Pacific,Singapore,84,9.46
47.245.62.84,2087,2087,true,NRT,Asia Pacific,Tokyo,194,9.46
47.243.203.119,8443,8443,true,HKG,Asia Pacific,Hong Kong,84,9.45
8.222.212.172,2096,2096,true,SIN,Asia Pacific,Singapore,114,9.45
47.74.52.188,80,80,false,NRT,Asia Pacific,Tokyo,105,9.45
47.74.41.88,2082,2082,false,HKG,Asia Pacific,Hong Kong,168,9.45
47.236.144.208,8443,8443,true,SIN,Asia Pacific,Singapore,92,9.45
47.236.119.253,2053,2053,true,SIN,Asia Pacific,Singapore,112,9.45
47.76.33.40,2053,2053,true,HKG,Asia Pacific,Hong Kong,38,9.44
47.74.11.219,8443,8443,true,NRT,Asia Pacific,Tokyo,179,9.44
8.219.106.15,8443,8443,true,SIN,Asia Pacific,Singapore,45,9.44
8.222.129.32,80,80,false,SIN,Asia Pacific,Singapore,5,9.44
8.218.126.53,2096,2096,true,HKG,Asia Pacific,Hong Kong,34,9.44
47.74.34.73,2083,2083,true,NRT,Asia Pacific,Tokyo,119,9.44
8.219.161.129,8443,8443,true,SIN,Asia Pacific,Singapore,71,9.44
8.219.151.193,443,443,true,SIN,Asia Pacific,Singapore,107,9.44
8.219.100.155,443,443,true,SIN,Asia Pacific,Singapore,60,9.44
47.74.34.38,2087,2087,true,NRT,Asia Pacific,Tokyo,170,9.44
8.222.254.91,2086,2086,false,SIN,Asia Pacific,Singapore,9,9.44
8.219.72.51,80,80,false,SIN,Asia Pacific,Singapore,19,9.44
8.219.72.50,2052,2052,false,SIN,Asia Pacific,Singapore,6,9.44
47.245.42.162,2082,2082,false,NRT,Asia Pacific,Tokyo,77,9.44
47.245.52.153,2096,2096,true,NRT,Asia Pacific,Tokyo,187,9.43
8.219.206.53,8880,8880,false,SIN,Asia Pacific,Singapore,19,9.43
8.218.3.12,2095,2095,false,HKG,Asia Pacific,Hong Kong,78,9.43
47.242.79.71,8443,8443,true,HKG,Asia Pacific,Hong Kong,41,9.43
47.74.34.135,2052,2052,false,NRT,Asia Pacific,Tokyo,85,9.43
8.219.82.35,2086,2086,false,SIN,Asia Pacific,Singapore,7,9.43
8.209.243.172,2095,2095,false,NRT,Asia Pacific,Tokyo,75,9.43
47.245.37.37,2096,2096,true,NRT,Asia Pacific,Tokyo,135,9.43
8.219.242.208,2087,2087,true,SIN,Asia Pacific,Singapore,111,9.43
47.74.26.132,2095,2095,false,NRT,Asia Pacific,Tokyo,96,9.43
47.74.52.104,2096,2096,true,NRT,Asia Pacific,Tokyo,208,9.43
8.219.253.18,2087,2087,true,SIN,Asia Pacific,Singapore,110,9.42
47.245.2.231,8443,8443,true,NRT,Asia Pacific,Tokyo,111,9.42
8.222.202.163,8443,8443,true,SIN,Asia Pacific,Singapore,94,9.42
8.219.106.156,2086,2086,false,SIN,Asia Pacific,Singapore,6,9.42
8.222.211.124,2096,2096,true,SIN,Asia Pacific,Singapore,90,9.42
47.74.26.131,2087,2087,true,NRT,Asia Pacific,Tokyo,146,9.42
8.209.222.31,8080,8080,false,NRT,Asia Pacific,Tokyo,85,9.41
8.222.237.131,8443,8443,true,SIN,Asia Pacific,Singapore,76,9.41
8.219.185.191,2096,2096,true,SIN,Asia Pacific,Singapore,101,9.40
47.245.30.65,2082,2082,false,NRT,Asia Pacific,Tokyo,80,9.40
47.245.2.231,2083,2083,true,NRT,Asia Pacific,Tokyo,190,9.40
8.219.255.171,2086,2086,false,SIN,Asia Pacific,Singapore,29,9.40
8.219.141.174,8880,8880,false,SIN,Asia Pacific,Singapore,21,9.39
8.219.193.22,8880,8880,false,SIN,Asia Pacific,Singapore,18,9.39
8.219.55.31,2083,2083,true,SIN,Asia Pacific,Singapore,78,9.39
8.219.242.208,2086,2086,false,SIN,Asia Pacific,Singapore,16,9.39
47.245.37.12,2052,2052,false,NRT,Asia Pacific,Tokyo,87,9.39
8.222.175.78,2053,2053,true,SIN,Asia Pacific,Singapore,94,9.38
8.209.241.128,2052,2052,false,NRT,Asia Pacific,Tokyo,97,9.38
47.91.19.249,8443,8443,true,NRT,Asia Pacific,Tokyo,105,9.38
8.219.233.6,2095,2095,false,SIN,Asia Pacific,Singapore,8,9.38
8.219.228.30,2096,2096,true,SIN,Asia Pacific,Singapore,54,9.38
47.236.114.167,2083,2083,true,SIN,Asia Pacific,Singapore,106,9.38
47.74.54.33,8080,8080,false,NRT,Asia Pacific,Tokyo,82,9.38
47.245.37.12,8080,8080,false,NRT,Asia Pacific,Tokyo,82,9.38
8.222.193.65,8443,8443,true,SIN,Asia Pacific,Singapore,171,9.38
47.74.49.62,8443,8443,true,NRT,Asia Pacific,Tokyo,86,9.38
8.219.99.8,2087,2087,true,SIN,Asia Pacific,Singapore,87,9.38
8.222.193.65,2096,2096,true,SIN,Asia Pacific,Singapore,112,9.38
47.236.114.23,2053,2053,true,SIN,Asia Pacific,Singapore,104,9.38
47.74.7.51,80,80,false,NRT,Asia Pacific,Tokyo,85,9.37
8.217.221.165,2053,2053,true,HKG,Asia Pacific,Hong Kong,56,9.37
8.219.3.53,8080,8080,false,SIN,Asia Pacific,Singapore,3,9.37
8.222.236.229,2086,2086,false,SIN,Asia Pacific,Singapore,15,9.37
8.219.195.47,443,443,true,SIN,Asia Pacific,Singapore,73,9.36
8.219.156.148,8443,8443,true,SIN,Asia Pacific,Singapore,33,9.36
47.74.23.99,8880,8880,false,NRT,Asia Pacific,Tokyo,104,9.36
8.222.227.191,8080,8080,false,SIN,Asia Pacific,Singapore,36,9.36
8.219.112.75,2083,2083,true,SIN,Asia Pacific,Singapore,98,9.36
47.74.22.171,2096,2096,true,NRT,Asia Pacific,Tokyo,245,9.35
47.74.13.94,80,80,false,NRT,Asia Pacific,Tokyo,75,9.35
47.245.55.235,8880,8880,false,NRT,Asia Pacific,Tokyo,89,9.35
8.219.220.122,2053,2053,true,SIN,Asia Pacific,Singapore,120,9.35
47.245.57.109,2086,2086,false,NRT,Asia Pacific,Tokyo,82,9.35
8.209.242.25,2096,2096,true,NRT,Asia Pacific,Tokyo,167,9.35
47.245.54.58,8080,8080,false,NRT,Asia Pacific,Tokyo,97,9.34
47.74.15.80,80,80,false,NRT,Asia Pacific,Tokyo,98,9.34
47.74.50.249,2053,2053,true,NRT,Asia Pacific,Tokyo,149,9.34
47.74.35.127,2086,2086,false,NRT,Asia Pacific,Tokyo,74,9.34
47.245.52.165,8443,8443,true,NRT,Asia Pacific,Tokyo,146,9.34
8.219.248.47,2083,2083,true,SIN,Asia Pacific,Singapore,151,9.34
47.245.37.98,2052,2052,false,NRT,Asia Pacific,Tokyo,89,9.34
8.219.98.13,2096,2096,true,SIN,Asia Pacific,Singapore,81,9.34
8.219.248.47,2082,2082,false,SIN,Asia Pacific,Singapore,6,9.33
8.219.77.222,2086,2086,false,SIN,Asia Pacific,Singapore,11,9.33
8.222.238.141,2053,2053,true,SIN,Asia Pacific,Singapore,75,9.33
8.219.240.160,2087,2087,true,SIN,Asia Pacific,Singapore,51,9.33
8.219.210.64,2052,2052,false,SIN,Asia Pacific,Singapore,8,9.33
8.219.61.52,2086,2086,false,SIN,Asia Pacific,Singapore,28,9.33
8.219.103.57,8880,8880,false,SIN,Asia Pacific,Singapore,13,9.33
47.74.26.132,2053,2053,true,NRT,Asia Pacific,Tokyo,187,9.32
8.219.193.22,443,443,true,SIN,Asia Pacific,Singapore,140,9.32
47.74.8.238,2082,2082,false,NRT,Asia Pacific,Tokyo,83,9.32
8.222.226.15,2053,2053,true,SIN,Asia Pacific,Singapore,73,9.32
8.219.201.174,2096,2096,true,SIN,Asia Pacific,Singapore,114,9.32
8.219.206.180,2087,2087,true,SIN,Asia Pacific,Singapore,101,9.32
8.219.65.191,2083,2083,true,SIN,Asia Pacific,Singapore,81,9.32
8.219.255.171,2052,2052,false,SIN,Asia Pacific,Singapore,16,9.32
47.245.15.236,2082,2082,false,NRT,Asia Pacific,Tokyo,77,9.32
8.209.212.5,8443,8443,true,NRT,Asia Pacific,Tokyo,118,9.31
47.74.15.120,2096,2096,true,NRT,Asia Pacific,Tokyo,127,9.31
8.222.253.235,2096,2096,true,SIN,Asia Pacific,Singapore,164,9.31
47.88.101.9,443,443,true,SJC,North America,San Jose,196,9.31
8.219.240.160,2095,2095,false,SIN,Asia Pacific,Singapore,19,9.31
8.219.70.117,8880,8880,false,SIN,Asia Pacific,Singapore,5,9.30
47.245.37.29,2052,2052,false,NRT,Asia Pacific,Tokyo,97,9.30
8.222.137.192,2052,2052,false,SIN,Asia Pacific,Singapore,29,9.30
8.219.70.117,2053,2053,true,SIN,Asia Pacific,Singapore,41,9.30
47.74.11.9,2086,2086,false,NRT,Asia Pacific,Tokyo,89,9.30
47.245.52.153,2052,2052,false,NRT,Asia Pacific,Tokyo,76,9.30
47.245.55.235,2086,2086,false,NRT,Asia Pacific,Tokyo,85,9.29
47.242.234.127,8443,8443,true,HKG,Asia Pacific,Hong Kong,50,9.29
8.222.150.197,2096,2096,true,SIN,Asia Pacific,Singapore,108,9.29
47.236.103.153,2052,2052,false,SIN,Asia Pacific,Singapore,27,9.29
47.245.115.6,2083,2083,true,SIN,Asia Pacific,Singapore,101,9.29
8.222.208.83,2087,2087,true,SIN,Asia Pacific,Singapore,51,9.29
47.245.15.39,2086,2086,false,NRT,Asia Pacific,Tokyo,76,9.29
8.222.223.34,8443,8443,true,SIN,Asia Pacific,Singapore,115,9.28
47.245.10.123,2096,2096,true,NRT,Asia Pacific,Tokyo,184,9.28
47.245.113.117,2095,2095,false,SIN,Asia Pacific,Singapore,10,9.28
47.74.9.174,2096,2096,true,NRT,Asia Pacific,Tokyo,154,9.28
47.74.8.238,2096,2096,true,NRT,Asia Pacific,Tokyo,141,9.28
47.245.30.144,8443,8443,true,NRT,Asia Pacific,Tokyo,177,9.28
8.219.73.188,2096,2096,true,SIN,Asia Pacific,Singapore,47,9.27
8.219.193.202,80,80,false,SIN,Asia Pacific,Singapore,20,9.27
47.245.42.210,2052,2052,false,NRT,Asia Pacific,Tokyo,90,9.27
8.222.144.117,2086,2086,false,SIN,Asia Pacific,Singapore,31,9.27
8.219.72.50,2096,2096,true,SIN,Asia Pacific,Singapore,46,9.26
47.74.26.132,2095,2095,false,NRT,Asia Pacific,Tokyo,76,9.26
47.236.65.177,2086,2086,false,SIN,Asia Pacific,Singapore,50,9.26
8.219.248.170,2087,2087,true,SIN,Asia Pacific,Singapore,72,9.26
47.245.42.162,2086,2086,false,NRT,Asia Pacific,Tokyo,103,9.25
47.236.114.23,80,80,false,SIN,Asia Pacific,Singapore,62,9.25
8.219.65.191,8443,8443,true,SIN,Asia Pacific,Singapore,91,9.25
47.74.7.51,8880,8880,false,NRT,Asia Pacific,Tokyo,87,9.25
47.245.62.84,2086,2086,false,NRT,Asia Pacific,Tokyo,106,9.25
47.245.32.215,8080,8080,false,NRT,Asia Pacific,Tokyo,77,9.25
8.222.213.221,2087,2087,true,SIN,Asia Pacific,Singapore,100,9.25
47.245.31.0,80,80,false,NRT,Asia Pacific,Tokyo,75,9.25
47.245.37.29,2087,2087,true,NRT,Asia Pacific,Tokyo,239,9.25
8.219.101.72,8443,8443,true,SIN,Asia Pacific,Singapore,57,9.25
8.222.169.182,2083,2083,true,SIN,Asia Pacific,Singapore,79,9.24
47.236.87.246,2096,2096,true,SIN,Asia Pacific,Singapore,125,9.24
8.219.194.170,2096,2096,true,SIN,Asia Pacific,Singapore,102,9.24
47.245.56.50,8443,8443,true,NRT,Asia Pacific,Tokyo,124,9.24
8.222.145.164,2086,2086,false,SIN,Asia Pacific,Singapore,9,9.24
8.219.126.240,8080,8080,false,SIN,Asia Pacific,Singapore,7,9.24
47.74.32.25,2083,2083,true,NRT,Asia Pacific,Tokyo,148,9.24
47.236.104.98,2052,2052,false,SIN,Asia Pacific,Singapore,12,9.24
8.222.154.227,2086,2086,false,SIN,Asia Pacific,Singapore,10,9.23
47.245.41.69,2083,2083,true,NRT,Asia Pacific,Tokyo,106,9.23
8.222.168.24,2052,2052,false,SIN,Asia Pacific,Singapore,17,9.23
8.219.240.160,2083,2083,true,SIN,Asia Pacific,Singapore,111,9.23
47.245.34.36,2087,2087,true,NRT,Asia Pacific,Tokyo,224,9.23
47.245.52.240,2096,2096,true,NRT,Asia Pacific,Tokyo,340,9.23
47.91.17.102,2087,0,true,NRT,Asia Pacific,Tokyo,92,9.23
47.245.58.250,8443,8443,true,NRT,Asia Pacific,Tokyo,205,9.23
8.219.208.69,8080,8080,false,SIN,Asia Pacific,Singapore,32,9.22
8.222.144.219,2052,2052,false,SIN,Asia Pacific,Singapore,32,9.22
47.245.37.89,2095,2095,false,NRT,Asia Pacific,Tokyo,88,9.22
8.222.224.17,8443,8443,true,SIN,Asia Pacific,Singapore,86,9.22
47.74.7.214,2086,2086,false,NRT,Asia Pacific,Tokyo,90,9.22
8.219.4.122,8880,8880,false,SIN,Asia Pacific,Singapore,7,9.22
47.245.39.28,8880,8880,false,NRT,Asia Pacific,Tokyo,90,9.22
8.219.199.220,2052,2052,false,SIN,Asia Pacific,Singapore,20,9.21
47.74.3.2,2052,2052,false,NRT,Asia Pacific,Tokyo,95,9.21
47.243.70.197,2095,2095,false,HKG,Asia Pacific,Hong Kong,86,9.21
47.245.56.121,8080,8080,false,NRT,Asia Pacific,Tokyo,97,9.20
8.219.65.191,80,80,false,SIN,Asia Pacific,Singapore,9,9.20
47.245.11.118,2083,2083,true,NRT,Asia Pacific,Tokyo,138,9.20
47.91.20.88,8080,8080,false,NRT,Asia Pacific,Tokyo,79,9.20
8.219.82.35,2095,2095,false,SIN,Asia Pacific,Singapore,7,9.20
47.236.104.98,443,443,true,SIN,Asia Pacific,Singapore,119,9.20
47.74.27.211,8443,8443,true,NRT,Asia Pacific,Tokyo,262,9.20
8.222.160.61,2087,2087,true,SIN,Asia Pacific,Singapore,35,9.19
47.245.42.162,2052,2052,false,NRT,Asia Pacific,Tokyo,78,9.19
47.245.82.78,8443,8443,true,SIN,Asia Pacific,Singapore,113,9.19
8.222.168.24,2095,2095,false,SIN,Asia Pacific,Singapore,515,9.19
8.219.65.191,2087,2087,true,SIN,Asia Pacific,Singapore,50,9.18
8.219.97.179,8880,8880,false,SIN,Asia Pacific,Singapore,7,9.18
47.74.10.135,8443,8443,true,NRT,Asia Pacific,Tokyo,192,9.18
47.245.53.101,2087,2087,true,NRT,Asia Pacific,Tokyo,233,9.18
8.219.72.50,8443,8443,true,SIN,Asia Pacific,Singapore,88,9.18
8.219.228.186,2082,2082,false,SIN,Asia Pacific,Singapore,6,9.18
8.219.196.24,2086,2086,false,SIN,Asia Pacific,Singapore,7,9.18
8.219.93.85,2083,2083,true,SIN,Asia Pacific,Singapore,104,9.18
8.222.154.227,2053,2053,true,SIN,Asia Pacific,Singapore,113,9.18
47.245.59.243,8443,8443,true,NRT,Asia Pacific,Tokyo,249,9.17
47.74.6.16,8443,8443,true,NRT,Asia Pacific,Tokyo,198,9.17
8.219.167.113,2052,2052,false,SIN,Asia Pacific,Singapore,14,9.17
8.219.122.55,8080,8080,false,SIN,Asia Pacific,Singapore,50,9.17
47.91.16.214,2052,2052,false,NRT,Asia Pacific,Tokyo,74,9.17
47.245.28.255,8880,8880,false,NRT,Asia Pacific,Tokyo,100,9.17
8.219.3.53,2086,2086,false,SIN,Asia Pacific,Singapore,5,9.16
8.219.248.170,2083,2083,true,SIN,Asia Pacific,Singapore,153,9.16
8.222.129.245,2053,2053,true,SIN,Asia Pacific,Singapore,88,9.16
47.74.3.2,80,80,false,NRT,Asia Pacific,Tokyo,87,9.16
47.245.38.233,2087,2087,true,NRT,Asia Pacific,Tokyo,187,9.16
8.219.82.177,2095,2095,false,SIN,Asia Pacific,Singapore,19,9.16
8.219.198.139,443,443,true,SIN,Asia Pacific,Singapore,95,9.16
47.74.6.16,80,80,false,NRT,Asia Pacific,Tokyo,86,9.16
47.74.46.84,8880,8880,false,NRT,Asia Pacific,Tokyo,77,9.15
47.245.37.37,2053,2053,true,NRT,Asia Pacific,Tokyo,164,9.15
8.222.244.123,8443,8443,true,SIN,Asia Pacific,Singapore,55,9.15
8.219.167.65,80,80,false,SIN,Asia Pacific,Singapore,9,9.15
47.74.32.25,2086,2086,false,NRT,Asia Pacific,Tokyo,73,9.15
47.245.29.126,2053,2053,true,NRT,Asia Pacific,Tokyo,188,9.15
8.219.196.117,2096,2096,true,SIN,Asia Pacific,Singapore,87,9.15
47.245.52.165,8080,8080,false,NRT,Asia Pacific,Tokyo,92,9.15
8.219.84.102,2096,2096,true,SIN,Asia Pacific,Singapore,71,9.15
8.222.147.203,2082,2082,false,SIN,Asia Pacific,Singapore,11,9.15
8.217.149.28,2087,2087,true,HKG,Asia Pacific,Hong Kong,98,9.15
8.210.9.129,2053,2053,true,HKG,Asia Pacific,Hong Kong,44,9.14
8.222.144.219,2082,2082,false,SIN,Asia Pacific,Singapore,27,9.14
47.245.8.68,2096,2096,true,NRT,Asia Pacific,Tokyo,93,9.14
47.242.176.237,8443,8443,true,HKG,Asia Pacific,Hong Kong,79,9.14
8.222.227.191,2087,2087,true,SIN,Asia Pacific,Singapore,113,9.14
47.74.13.239,2083,2083,true,NRT,Asia Pacific,Tokyo,145,9.14
8.219.248.47,2052,2052,false,SIN,Asia Pacific,Singapore,9,9.14
47.74.11.3,2082,2082,false,NRT,Asia Pacific,Tokyo,83,9.14
8.222.215.228,2082,2082,false,SIN,Asia Pacific,Singapore,8,9.14
8.219.53.222,8080,8080,false,SIN,Asia Pacific,Singapore,2,9.14
47.74.7.51,2052,2052,false,NRT,Asia Pacific,Tokyo,86,9.14
47.245.54.58,8443,8443,true,NRT,Asia Pacific,Tokyo,227,9.13
8.222.160.61,8880,8880,false,SIN,Asia Pacific,Singapore,10,9.13
47.91.25.66,2096,2096,true,NRT,Asia Pacific,Tokyo,136,9.13
8.219.197.111,8080,8080,false,SIN,Asia Pacific,Singapore,22,9.13
8.219.167.65,80,80,false,SIN,Asia Pacific,Singapore,15,9.13
47.245.41.84,2096,2096,true,NRT,Asia Pacific,Tokyo,133,9.13
8.222.167.8,8443,8443,true,SIN,Asia Pacific,Singapore,87,9.12
47.74.15.120,8443,8443,true,NRT,Asia Pacific,Tokyo,156,9.12
8.219.222.8,80,80,false,SIN,Asia Pacific,Singapore,20,9.12
8.222.208.38,2087,2087,true,SIN,Asia Pacific,Singapore,65,9.12
8.219.200.145,2095,2095,false,SIN,Asia Pacific,Singapore,18,9.12
47.74.27.211,2083,2083,true,NRT,Asia Pacific,Tokyo,109,9.11
47.236.115.54,443,443,true,SIN,Asia Pacific,Singapore,118,9.11
47.91.16.198,8443,8443,true,NRT,Asia Pacific,Tokyo,76,9.11
8.222.221.86,80,80,false,SIN,Asia Pacific,Singapore,35,9.11
47.245.33.163,2086,2086,false,NRT,Asia Pacific,Tokyo,82,9.11
47.74.12.139,2083,2083,true,NRT,Asia Pacific,Tokyo,164,9.11
8.219.82.177,80,80,false,SIN,Asia Pacific,Singapore,6,9.10
47.245.115.6,8080,8080,false,SIN,Asia Pacific,Singapore,15,9.10
8.222.159.252,8080,8080,false,SIN,Asia Pacific,Singapore,13,9.10
8.222.221.90,2095,2095,false,SIN,Asia Pacific,Singapore,5,9.10
47.74.54.33,80,80,false,NRT,Asia Pacific,Tokyo,80,9.10
47.245.118.197,2053,2053,true,SIN,Asia Pacific,Singapore,77,9.10
8.222.180.242,8880,8880,false,SIN,Asia Pacific,Singapore,27,9.10
8.219.228.157,2053,2053,true,SIN,Asia Pacific,Singapore,134,9.10
47.74.23.99,80,80,false,NRT,Asia Pacific,Tokyo,73,9.10
8.219.186.189,2052,2052,false,SIN,Asia Pacific,Singapore,15,9.09
8.222.131.102,2087,2087,true,SIN,Asia Pacific,Singapore,90,9.09
47.245.10.123,80,80,false,NRT,Asia Pacific,Tokyo,82,9.09
8.222.168.24,8880,8880,false,SIN,Asia Pacific,Singapore,31,9.08
8.222.129.32,8443,8443,true,SIN,Asia Pacific,Singapore,131,9.08
8.222.229.22,2087,2087,true,SIN,Asia Pacific,Singapore,92,9.08
8.222.255.15,80,80,false,SIN,Asia Pacific,Singapore,18,9.08
8.219.73.188,80,80,false,SIN,Asia Pacific,Singapore,18,9.08
8.222.238.141,2053,2053,true,SIN,Asia Pacific,Singapore,83,9.08
8.219.70.117,2096,2096,true,SIN,Asia Pacific,Singapore,77,9.08
47.74.5.99,8443,8443,true,NRT,Asia Pacific,Tokyo,103,9.07
8.219.197.111,2086,2086,false,SIN,Asia Pacific,Singapore,9,9.07
47.245.13.93,2052,2052,false,NRT,Asia Pacific,Tokyo,81,9.07
47.245.55.235,8080,8080,false,NRT,Asia Pacific,Tokyo,112,9.07
8.219.255.171,2082,2082,false,SIN,Asia Pacific,Singapore,27,9.07
8.222.137.192,8443,8443,true,SIN,Asia Pacific,Singapore,178,9.07
8.219.93.5,8880,8880,false,SIN,Asia Pacific,Singapore,9,9.07
8.210.146.108,2052,2052,false,HKG,Asia Pacific,Hong Kong,39,9.07
8.219.178.9,2083,2083,true,SIN,Asia Pacific,Singapore,107,9.07
8.219.248.170,8880,8880,false,SIN,Asia Pacific,Singapore,16,9.07
8.222.193.208,8443,8443,true,SIN,Asia Pacific,Singapore,109,9.07
8.219.60.68,2082,2082,false,SIN,Asia Pacific,Singapore,7,9.07
8.219.121.87,80,80,false,SIN,Asia Pacific,Singapore,26,9.07
8.222.130.137,2096,2096,true,SIN,Asia Pacific,Singapore,134,9.07
8.219.111.147,8443,8443,true,SIN,Asia Pacific,Singapore,59,9.06
47.74.4.47,2053,2053,true,NRT,Asia Pacific,Tokyo,108,9.06
8.222.214.231,2053,2053,true,SIN,Asia Pacific,Singapore,122,9.06
47.74.3.2,2087,2087,true,NRT,Asia Pacific,Tokyo,120,9.06
47.245.59.188,2083,2083,true,NRT,Asia Pacific,Tokyo,159,9.06
47.76.37.57,2083,2083,true,HKG,Asia Pacific,Hong Kong,84,9.06
47.243.86.79,8080,8080,false,HKG,Asia Pacific,Hong Kong,88,9.06
8.219.235.164,2095,2095,false,SIN,Asia Pacific,Singapore,27,9.06
8.219.87.34,2082,2082,false,SIN,Asia Pacific,Singapore,13,9.06
47.74.16.255,2096,2096,true,NRT,Asia Pacific,Tokyo,127,9.06
47.245.4.219,2096,2096,true,NRT,Asia Pacific,Tokyo,117,9.06
47.245.54.197,2083,2083,true,NRT,Asia Pacific,Tokyo,149,9.06
8.219.245.187,443,443,true,SIN,Asia Pacific,Singapore,148,9.05
8.219.112.75,8443,8443,true,SIN,Asia Pacific,Singapore,43,9.05
47.245.62.84,8443,8443,true,NRT,Asia Pacific,Tokyo,143,9.05
8.219.209.14,8880,8880,false,SIN,Asia Pacific,Singapore,32,9.05
47.236.116.208,80,80,false,SIN,Asia Pacific,Singapore,45,9.05
47.236.116.26,2086,2086,false,SIN,Asia Pacific,Singapore,57,9.04
47.74.34.38,2095,2095,false,NRT,Asia Pacific,Tokyo,77,9.04
47.245.37.41,2087,2087,true,NRT,Asia Pacific,Tokyo,133,9.04
8.222.147.203,8443,8443,true,SIN,Asia Pacific,Singapore,77,9.04
47.74.3.2,2096,2096,true,NRT,Asia Pacific,Tokyo,204,9.04
47.245.118.197,2052,2052,false,SIN,Asia Pacific,Singapore,19,9.04
47.74.13.200,2053,2053,true,NRT,Asia Pacific,Tokyo,130,9.04
8.219.66.156,2052,2052,false,SIN,Asia Pacific,Singapore,22,9.04
8.219.124.227,443,443,true,SIN,Asia Pacific,Singapore,110,9.04
8.219.250.239,2053,2053,true,SIN,Asia Pacific,Singapore,85,9.04
47.74.18.121,2083,2083,true,NRT,Asia Pacific,Tokyo,122,9.04
47.74.13.239,2052,2052,false,NRT,Asia Pacific,Tokyo,77,9.03
8.219.142.229,2052,2052,false,SIN,Asia Pacific,Singapore,11,9.03
8.222.211.16,443,443,true,SIN,Asia Pacific,Singapore,98,9.03
47.74.50.249,8880,8880,false,NRT,Asia Pacific,Tokyo,74,9.03
8.219.201.174,2083,2083,true,SIN,Asia Pacific,Singapore,116,9.03
8.219.170.223,8880,8880,false,SIN,Asia Pacific,Singapore,3,9.03
47.236.123.133,2053,2053,true,SIN,Asia Pacific,Singapore,81,9.03
8.222.224.17,2053,2053,true,SIN,Asia Pacific,Singapore,65,9.02
47.245.54.197,2082,2082,false,NRT,Asia Pacific,Tokyo,88,9.02
47.91.16.214,2087,2087,true,NRT,Asia Pacific,Tokyo,74,9.02
8.219.170.232,8443,8443,true,SIN,Asia Pacific,Singapore,121,9.02
47.245.53.50,2082,2082,false,NRT,Asia Pacific,Tokyo,77,9.02
8.222.202.163,80,80,false,SIN,Asia Pacific,Singapore,17,9.02
8.219.255.171,8880,8880,false,SIN,Asia Pacific,Singapore,66,9.02
47.74.41.87,2083,2083,true,NRT,Asia Pacific,Tokyo,244,9.02
47.74.42.111,2083,2083,true,NRT,Asia Pacific,Tokyo,191,9.01
8.219.248.170,2082,2082,false,SIN,Asia Pacific,Singapore,10,9.01
8.219.195.47,8880,8880,false,SIN,Asia Pacific,Singapore,7,9.01
47.236.103.153,2053,2053,true,SIN,Asia Pacific,Singapore,106,9.01
47.245.10.123,2095,2095,false,NRT,Asia Pacific,Tokyo,82,9.01
8.219.67.133,2053,2053,true,SIN,Asia Pacific,Singapore,144,9.01
8.222.238.141,2087,2087,true,SIN,Asia Pacific,Singapore,59,9.00
47.236.145.180,2082,2082,false,SIN,Asia Pacific,Singapore,34,9.00
8.222.147.203,80,80,false,SIN,Asia Pacific,Singapore,35,9.00
8.222.209.223,2082,2082,false,SIN,Asia Pacific,Singapore,7,9.00
8.219.74.35,2086,2086,false,SIN,Asia Pacific,Singapore,15,9.00
8.222.130.137,2095,2095,false,SIN,Asia Pacific,Singapore,26,9.00
47.74.5.150,2096,2096,true,NRT,Asia Pacific,Tokyo,265,9.00
47.74.34.73,2082,2082,false,NRT,Asia Pacific,Tokyo,79,9.00
8.219.157.97,8080,8080,false,SIN,Asia Pacific,Singapore,8,8.99
47.236.87.206,8443,8443,true,SIN,Asia Pacific,Singapore,127,8.99
47.236.87.246,80,80,false,SIN,Asia Pacific,Singapore,39,8.99
8.219.153.44,8443,8443,true,SIN,Asia Pacific,Singapore,24,8.99
8.219.237.250,2053,2053,true,SIN,Asia Pacific,Singapore,86,8.99
47.245.10.77,2052,2052,false,NRT,Asia Pacific,Tokyo,82,8.99
47.74.26.132,2052,2052,false,NRT,Asia Pacific,Tokyo,88,8.99
8.222.208.83,2095,2095,false,SIN,Asia Pacific,Singapore,29,8.99
8.219.201.174,8080,8080,false,SIN,Asia Pacific,Singapore,15,8.99
8.219.198.34,2096,2096,true,SIN,Asia Pacific,Singapore,120,8.99
8.219.196.24,2087,2087,true,SIN,Asia Pacific,Singapore,149,8.98
8.222.226.15,2052,2052,false,SIN,Asia Pacific,Singapore,49,8.98
47.236.87.246,2082,2082,false,SIN,Asia Pacific,Singapore,36,8.98
8.222.152.165,8443,8443,true,SIN,Asia Pacific,Singapore,79,8.98
8.222.137.166,2086,2086,false,SIN,Asia Pacific,Singapore,61,8.98
8.222.154.50,2087,2087,true,SIN,Asia Pacific,Singapore,89,8.98
47.74.26.132,2087,2087,true,NRT,Asia Pacific,Tokyo,202,8.98
47.245.37.94,8443,8443,true,NRT,Asia Pacific,Tokyo,159,8.97
8.219.242.208,80,80,false,SIN,Asia Pacific,Singapore,63,8.97
8.219.245.187,2086,2086,false,SIN,Asia Pacific,Singapore,12,8.97
8.222.155.242,2083,2083,true,SIN,Asia Pacific,Singapore,198,8.97
8.222.136.196,2082,2082,false,SIN,Asia Pacific,Singapore,24,8.97
47.74.13.94,2087,2087,true,NRT,Asia Pacific,Tokyo,150,8.96
8.222.224.163,8443,8443,true,SIN,Asia Pacific,Singapore,46,8.96
47.245.84.155,8080,8080,false,SIN,Asia Pacific,Singapore,11,8.96
47.74.52.104,2053,2053,true,NRT,Asia Pacific,Tokyo,125,8.96
47.74.52.104,80,80,false,NRT,Asia Pacific,Tokyo,85,8.96
47.74.15.120,2087,2087,true,NRT,Asia Pacific,Tokyo,124,8.96
47.245.4.22,2052,2052,false,HKG,Asia Pacific,Hong Kong,168,8.96
8.222.193.65,2087,2087,true,SIN,Asia Pacific,Singapore,81,8.95
8.219.142.191,2053,2053,true,SIN,Asia Pacific,Singapore,20,8.95
8.219.210.64,8080,8080,false,SIN,Asia Pacific,Singapore,32,8.95
47.236.104.98,80,80,false,SIN,Asia Pacific,Singapore,65,8.95
47.74.5.99,2083,2083,true,NRT,Asia Pacific,Tokyo,180,8.95
47.245.56.50,2086,2086,false,NRT,Asia Pacific,Tokyo,79,8.94
47.91.22.115,8443,8443,true,NRT,Asia Pacific,Tokyo,135,8.94
8.219.122.96,80,80,false,SIN,Asia Pacific,Singapore,12,8.94
47.242.155.183,2096,2096,true,HKG,Asia Pacific,Hong Kong,62,8.94
8.219.60.130,80,80,false,SIN,Asia Pacific,Singapore,3,8.94
47.245.52.153,2053,2053,true,NRT,Asia Pacific,Tokyo,135,8.94
8.219.210.64,2096,2096,true,SIN,Asia Pacific,Singapore,72,8.94
8.218.158.94,2096,2096,true,HKG,Asia Pacific,Hong Kong,88,8.94
47.245.12.38,80,80,false,NRT,Asia Pacific,Tokyo,76,8.94
47.91.3.112,8443,8443,true,NRT,Asia Pacific,Tokyo,81,8.94
47.74.14.85,2053,2053,true,NRT,Asia Pacific,Tokyo,190,8.94
47.245.54.197,2087,2087,true,NRT,Asia Pacific,Tokyo,238,8.93
8.219.97.179,8880,8880,false,SIN,Asia Pacific,Singapore,6,8.93
8.222.193.208,2083,2083,true,SIN,Asia Pacific,Singapore,79,8.93
47.74.34.135,2086,2086,false,NRT,Asia Pacific,Tokyo,82,8.93
8.209.243.137,2086,2086,false,NRT,Asia Pacific,Tokyo,88,8.93
47.245.2.231,2087,2087,true,NRT,Asia Pacific,Tokyo,119,8.93
8.222.213.221,8443,8443,true,SIN,Asia Pacific,Singapore,101,8.93
8.219.174.213,2082,2082,false,SIN,Asia Pacific,Singapore,12,8.92
8.219.238.145,2083,2083,true,SIN,Asia Pacific,Singapore,84,8.92
8.222.223.34,443,443,true,SIN,Asia Pacific,Singapore,112,8.92
8.209.215.247,2095,2095,false,NRT,Asia Pacific,Tokyo,108,8.92
8.219.104.242,443,443,true,SIN,Asia Pacific,Singapore,93,8.92
8.222.140.185,2096,2096,true,SIN,Asia Pacific,Singapore,90,8.92
47.74.16.255,8880,8880,false,NRT,Asia Pacific,Tokyo,88,8.92
8.219.6.157,8443,8443,true,SIN,Asia Pacific,Singapore,131,8.92
47.245.59.244,2096,2096,true,NRT,Asia Pacific,Tokyo,210,8.92
8.222.182.10,2086,2086,false,SIN,Asia Pacific,Singapore,18,8.92
47.74.23.99,2082,2082,false,NRT,Asia Pacific,Tokyo,73,8.91
47.74.4.179,80,80,false,NRT,Asia Pacific,Tokyo,98,8.91
47.74.34.51,2052,2052,false,NRT,Asia Pacific,Tokyo,73,8.91
8.209.240.229,8443,8443,true,NRT,Asia Pacific,Tokyo,116,8.91
47.236.75.113,8880,8880,false,SIN,Asia Pacific,Singapore,26,8.91
47.74.26.131,8880,8880,false,NRT,Asia Pacific,Tokyo,87,8.91
8.219.209.14,2087,2087,true,SIN,Asia Pacific,Singapore,121,8.91
8.222.155.242,2095,2095,false,SIN,Asia Pacific,Singapore,16,8.90
8.219.170.180,2082,2082,false,SIN,Asia Pacific,Singapore,20,8.90
8.210.9.129,2096,2096,true,HKG,Asia Pacific,Hong Kong,85,8.90
8.222.249.98,8080,8080,false,SIN,Asia Pacific,Singapore,11,8.90
8.222.249.190,2082,2082,false,SIN,Asia Pacific,Singapore,18,8.90
8.222.229.102,2053,2053,true,SIN,Asia Pacific,Singapore,120,8.90
8.219.73.188,2096,2096,true,SIN,Asia Pacific,Singapore,98,8.90
8.219.172.128,8443,8443,true,SIN,Asia Pacific,Singapore,77,8.90
8.219.103.57,2086,2086,false,SIN,Asia Pacific,Singapore,8,8.90
47.245.11.62,2082,2082,false,NRT,Asia Pacific,Tokyo,89,8.89
8.219.230.254,8080,8080,false,SIN,Asia Pacific,Singapore,15,8.89
47.245.54.98,80,80,false,NRT,Asia Pacific,Tokyo,91,8.89
47.245.37.12,2083,2083,true,NRT,Asia Pacific,Tokyo,235,8.89
47.245.113.117,2052,2052,false,SIN,Asia Pacific,Singapore,38,8.89
8.219.114.201,2096,2096,true,SIN,Asia Pacific,Singapore,44,8.89
8.219.67.133,2083,2083,true,SIN,Asia Pacific,Singapore,86,8.89
8.219.255.171,8443,8443,true,SIN,Asia Pacific,Singapore,117,8.89
47.245.8.185,2086,2086,false,NRT,Asia Pacific,Tokyo,86,8.88
47.74.42.111,8443,8443,true,NRT,Asia Pacific,Tokyo,119,8.88
8.219.248.47,2053,2053,true,SIN,Asia Pacific,Singapore,117,8.88
47.74.42.17,2052,2052,false,NRT,Asia Pacific,Tokyo,85,8.88
8.219.84.102,2087,2087,true,SIN,Asia Pacific,Singapore,88,8.88
47.74.27.151,8080,8080,false,NRT,Asia Pacific,Tokyo,82,8.88
47.245.59.133,8880,8880,false,NRT,Asia Pacific,Tokyo,113,8.88
47.74.15.120,2086,2086,false,NRT,Asia Pacific,Tokyo,88,8.88
47.245.42.210,80,80,false,NRT,Asia Pacific,Tokyo,81,8.88
47.74.9.174,8880,8880,false,NRT,Asia Pacific,Tokyo,73,8.88
8.210.65.1,2086,2086,false,HKG,Asia Pacific,Hong Kong,83,8.87
8.222.215.228,2086,2086,false,SIN,Asia Pacific,Singapore,35,8.87
47.245.37.29,2086,2086,false,NRT,Asia Pacific,Tokyo,79,8.87
47.74.22.171,2053,2053,true,NRT,Asia Pacific,Tokyo,101,8.87
47.245.33.56,8080,8080,false,NRT,Asia Pacific,Tokyo,87,8.87
47.245.41.84,2086,2086,false,NRT,Asia Pacific,Tokyo,94,8.86
8.219.126.240,8880,8880,false,SIN,Asia Pacific,Singapore,8,8.86
8.209.222.232,2052,2052,false,HKG,Asia Pacific,Hong Kong,179,8.86
8.219.3.53,2083,2083,true,SIN,Asia Pacific,Singapore,53,8.86
47.74.11.9,2053,2053,true,NRT,Asia Pacific,Tokyo,196,8.86
8.219.238.145,80,80,false,SIN,Asia Pacific,Singapore,18,8.85
8.222.197.251,2086,2086,false,SIN,Asia Pacific,Singapore,7,8.85
47.245.37.41,2096,2096,true,NRT,Asia Pacific,Tokyo,168,8.85
47.91.31.231,2053,2053,true,NRT,Asia Pacific,Tokyo,145,8.85
47.245.11.62,2086,2086,false,NRT,Asia Pacific,Tokyo,82,8.85
47.236.83.239,2096,2096,true,SIN,Asia Pacific,Singapore,84,8.85
47.245.52.240,2082,2082,false,NRT,Asia Pacific,Tokyo,84,8.85
47.236.103.153,80,80,false,SIN,Asia Pacific,Singapore,25,8.85
47.245.8.68,2086,2086,false,NRT,Asia Pacific,Tokyo,74,8.85
8.222.180.242,2053,2053,true,SIN,Asia Pacific,Singapore,126,8.84
8.222.236.229,443,443,true,SIN,Asia Pacific,Singapore,66,8.84
8.222.224.17,2087,2087,true,SIN,Asia Pacific,Singapore,83,8.83
8.219.206.180,2083,2083,true,SIN,Asia Pacific,Singapore,120,8.83
8.219.197.111,2083,2083,true,SIN,Asia Pacific,Singapore,64,8.83
47.245.55.94,80,80,false,NRT,Asia Pacific,Tokyo,91,8.83
8.219.55.31,8443,8443,true,SIN,Asia Pacific,Singapore,55,8.83
47.74.18.121,2087,2087,true,NRT,Asia Pacific,Tokyo,129,8.83
47.236.65.177,2087,2087,true,SIN,Asia Pacific,Singapore,75,8.83
47.74.16.255,2052,2052,false,NRT,Asia Pacific,Tokyo,81,8.83
47.74.52.104,2086,2086,false,NRT,Asia Pacific,Tokyo,92,8.83
8.222.221.197,2083,2083,true,SIN,Asia Pacific,Singapore,136,8.82
8.219.201.8,2095,2095,false,SIN,Asia Pacific,Singapore,26,8.82
47.74.41.87,2086,2086,false,NRT,Asia Pacific,Tokyo,85,8.82
8.219.215.214,2096,2096,true,SIN,Asia Pacific,Singapore,91,8.82
8.219.12.152,8080,8080,false,SIN,Asia Pacific,Singapore,21,8.82
8.219.121.87,2095,2095,false,SIN,Asia Pacific,Singapore,11,8.82
8.219.101.72,80,80,false,SIN,Asia Pacific,Singapore,29,8.81
47.245.126.151,2086,2086,false,SIN,Asia Pacific,Singapore,14,8.81
8.219.134.117,8080,8080,false,SIN,Asia Pacific,Singapore,7,8.81
47.236.130.95,8080,8080,false,SIN,Asia Pacific,Singapore,47,8.81
47.245.59.244,2095,2095,false,NRT,Asia Pacific,Tokyo,89,8.81
47.245.34.36,2052,2052,false,NRT,Asia Pacific,Tokyo,91,8.81
8.219.249.38,8880,8880,false,SIN,Asia Pacific,Singapore,59,8.81
8.219.215.214,2053,2053,true,SIN,Asia Pacific,Singapore,72,8.81
47.245.52.153,80,80,false,NRT,Asia Pacific,Tokyo,90,8.81
47.74.7.214,2053,2053,true,NRT,Asia Pacific,Tokyo,136,8.81
47.74.41.88,2096,2096,true,HKG,Asia Pacific,Hong Kong,156,8.80
47.74.35.127,8880,8880,false,NRT,Asia Pacific,Tokyo,72,8.80
47.245.10.77,2053,2053,true,NRT,Asia Pacific,Tokyo,206,8.80
8.219.152.195,8880,8880,false,SIN,Asia Pacific,Singapore,6,8.80
8.219.228.186,2087,2087,true,SIN,Asia Pacific,Singapore,175,8.80
8.219.114.201,2083,2083,true,SIN,Asia Pacific,Singapore,83,8.80
47.236.83.196,2096,2096,true,SIN,Asia Pacific,Singapore,88,8.80
47.74.16.255,2087,2087,true,NRT,Asia Pacific,Tokyo,122,8.80
8.219.122.96,2082,2082,false,SIN,Asia Pacific,Singapore,19,8.79
8.219.228.193,80,80,false,SIN,Asia Pacific,Singapore,10,8.79
47.245.56.29,80,80,false,NRT,Asia Pacific,Tokyo,126,8.79
47.74.11.9,2053,2053,true,NRT,Asia Pacific,Tokyo,161,8.79
8.219.154.107,2086,2086,false,SIN,Asia Pacific,Singapore,8,8.79
47.74.41.136,8443,8443,true,NRT,Asia Pacific,Tokyo,121,8.79
8.219.200.145,443,443,true,SIN,Asia Pacific,Singapore,99,8.79
8.222.180.86,2096,2096,true,SIN,Asia Pacific,Singapore,67,8.79
8.219.74.35,443,443,true,SIN,Asia Pacific,Singapore,62,8.79
8.219.251.81,8880,8880,false,SIN,Asia Pacific,Singapore,16,8.78
8.218.211.17,2095,2095,false,HKG,Asia Pacific,Hong Kong,89,8.78
47.245.59.243,2083,2083,true,NRT,Asia Pacific,Tokyo,280,8.78
47.236.130.95,2087,2087,true,SIN,Asia Pacific,Singapore,83,8.77
47.245.55.235,8443,8443,true,NRT,Asia Pacific,Tokyo,128,8.77
47.245.118.70,2096,2096,true,SIN,Asia Pacific,Singapore,101,8.77
8.222.175.78,2082,2082,false,SIN,Asia Pacific,Singapore,16,8.77
47.245.33.163,8880,8880,false,NRT,Asia Pacific,Tokyo,85,8.77
8.219.126.240,2053,2053,true,SIN,Asia Pacific,Singapore,97,8.77
47.245.52.240,2082,2082,false,NRT,Asia Pacific,Tokyo,100,8.77
8.219.84.102,2086,2086,false,SIN,Asia Pacific,Singapore,5,8.76
47.245.34.36,8880,8880,false,NRT,Asia Pacific,Tokyo,85,8.76
8.219.210.64,2087,2087,true,SIN,Asia Pacific,Singapore,105,8.76
8.219.233.6,2083,2083,true,SIN,Asia Pacific,Singapore,137,8.76
8.219.12.152,80,80,false,SIN,Asia Pacific,Singapore,2,8.76
47.74.34.73,2086,2086,false,NRT,Asia Pacific,Tokyo,77,8.76
8.222.193.65,2052,2052,false,SIN,Asia Pacific,Singapore,5,8.76
8.222.167.147,80,80,false,SIN,Asia Pacific,Singapore,15,8.75
8.210.119.11,2086,2086,false,HKG,Asia Pacific,Hong Kong,98,8.75
47.245.42.162,2086,2086,false,NRT,Asia Pacific,Tokyo,82,8.75
8.222.137.166,8880,8880,false,SIN,Asia Pacific,Singapore,18,8.75
47.245.82.78,2087,2087,true,SIN,Asia Pacific,Singapore,118,8.75
8.222.224.163,2082,2082,false,SIN,Asia Pacific,Singapore,16,8.74
8.222.224.162,2096,2096,true,SIN,Asia Pacific,Singapore,83,8.74
8.218.65.237,2053,2053,true,HKG,Asia Pacific,Hong Kong,88,8.74
8.219.255.171,2096,2096,true,SIN,Asia Pacific,Singapore,121,8.74
8.219.178.9,2053,2053,true,SIN,Asia Pacific,Singapore,59,8.74
47.74.39.194,2096,2096,true,NRT,Asia Pacific,Tokyo,100,8.74
8.219.56.205,2096,2096,true,SIN,Asia Pacific,Singapore,98,8.74
47.245.37.94,2052,2052,false,NRT,Asia Pacific,Tokyo,93,8.73
8.222.193.208,2096,2096,true,SIN,Asia Pacific,Singapore,55,8.73
8.222.168.234,2052,2052,false,SIN,Asia Pacific,Singapore,15,8.73
47.91.16.198,2052,2052,false,NRT,Asia Pacific,Tokyo,76,8.73
47.245.115.6,443,443,true,SIN,Asia Pacific,Singapore,111,8.73
8.222.140.87,2052,2052,false,SIN,Asia Pacific,Singapore,7,8.73
47.91.31.235,8443,8443,true,NRT,Asia Pacific,Tokyo,111,8.73
8.222.212.219,2082,2082,false,SIN,Asia Pacific,Singapore,19,8.73
8.222.236.229,2095,2095,false,SIN,Asia Pacific,Singapore,17,8.73
47.245.42.162,80,80,false,NRT,Asia Pacific,Tokyo,85,8.73
47.245.37.37,8443,8443,true,NRT,Asia Pacific,Tokyo,122,8.73
8.219.179.34,2052,2052,false,SIN,Asia Pacific,Singapore,18,8.72
47.245.14.216,2096,2096,true,NRT,Asia Pacific,Tokyo,213,8.72
47.74.42.111,2096,2096,true,NRT,Asia Pacific,Tokyo,115,8.72
8.217.250.222,2087,2087,true,HKG,Asia Pacific,Hong Kong,62,8.72
47.74.5.150,2083,2083,true,NRT,Asia Pacific,Tokyo,159,8.72
47.245.55.94,2095,2095,false,NRT,Asia Pacific,Tokyo,84,8.72
8.222.212.219,443,443,true,SIN,Asia Pacific,Singapore,58,8.72
8.222.155.242,8443,8443,true,SIN,Asia Pacific,Singapore,100,8.72
8.222.237.131,2082,2082,false,SIN,Asia Pacific,Singapore,19,8.72
47.74.16.255,2095,2095,false,NRT,Asia Pacific,Tokyo,84,8.71
47.74.34.51,80,80,false,NRT,Asia Pacific,Tokyo,80,8.71
8.219.201.8,8080,8080,false,SIN,Asia Pacific,Singapore,5,8.71
8.219.114.201,8080,8080,false,SIN,Asia Pacific,Singapore,6,8.71
47.245.10.77,2083,2083,true,NRT,Asia Pacific,Tokyo,181,8.71
47.245.56.121,2096,2096,true,NRT,Asia Pacific,Tokyo,188,8.71
47.236.145.85,8880,8880,false,SIN,Asia Pacific,Singapore,22,8.70
47.245.56.121,8880,8880,false,NRT,Asia Pacific,Tokyo,106,8.70
8.219.153.44,2087,2087,true,SIN,Asia Pacific,Singapore,134,8.70
47.245.118.197,2083,2083,true,SIN,Asia Pacific,Singapore,100,8.70
8.219.161.129,2086,2086,false,SIN,Asia Pacific,Singapore,7,8.70
47.245.57.109,2053,2053,true,NRT,Asia Pacific,Tokyo,108,8.70
47.74.52.188,2087,2087,true,NRT,Asia Pacific,Tokyo,112,8.70
8.219.196.117,8443,8443,true,SIN,Asia Pacific,Singapore,108,8.70
47.74.11.219,2053,2053,true,NRT,Asia Pacific,Tokyo,149,8.70
47.245.33.158,2083,2083,true,NRT,Asia Pacific,Tokyo,215,8.70
47.245.56.207,2086,2086,false,NRT,Asia Pacific,Tokyo,96,8.69
8.219.121.87,8880,8880,false,SIN,Asia Pacific,Singapore,12,8.69
47.245.29.64,2083,2083,true,NRT,Asia Pacific,Tokyo,189,8.69
8.222.252.150,2083,2083,true,SIN,Asia Pacific,Singapore,71,8.69
47.74.52.104,2052,2052,false,NRT,Asia Pacific,Tokyo,81,8.69
8.209.252.13,2096,2096,true,NRT,Asia Pacific,Tokyo,133,8.69
47.74.26.132,2083,2083,true,NRT,Asia Pacific,Tokyo,102,8.69
8.222.136.196,2086,2086,false,SIN,Asia Pacific,Singapore,15,8.69
8.219.167.113,8080,8080,false,SIN,Asia Pacific,Singapore,16,8.68
8.222.211.124,80,80,false,SIN,Asia Pacific,Singapore,13,8.68
8.219.53.222,2096,2096,true,SIN,Asia Pacific,Singapore,106,8.68
47.245.52.165,80,80,false,NRT,Asia Pacific,Tokyo,83,8.67
47.245.89.102,2096,2096,true,SIN,Asia Pacific,Singapore,100,8.67
8.219.193.22,2086,2086,false,SIN,Asia Pacific,Singapore,12,8.67
8.219.145.245,2086,2086,false,SIN,Asia Pacific,Singapore,39,8.67
47.74.15.117,8080,8080,false,NRT,Asia Pacific,Tokyo,76,8.67
8.219.220.88,2086,2086,false,SIN,Asia Pacific,Singapore,15,8.66
8.219.213.112,2083,2083,true,SIN,Asia Pacific,Singapore,89,8.66
47.245.8.185,2083,2083,true,NRT,Asia Pacific,Tokyo,207,8.66
47.74.45.143,2087,2087,true,NRT,Asia Pacific,Tokyo,176,8.66
8.219.78.1,2083,2083,true,SIN,Asia Pacific,Singapore,28,8.66
47.245.11.216,2083,2083,true,NRT,Asia Pacific,Tokyo,77,8.66
47.74.27.94,2053,2053,true,NRT,Asia Pacific,Tokyo,80,8.66
47.245.56.50,2095,2095,false,NRT,Asia Pacific,Tokyo,79,8.66
8.222.167.147,2087,2087,true,SIN,Asia Pacific,Singapore,96,8.66
8.219.159.232,8443,8443,true,SIN,Asia Pacific,Singapore,69,8.65
8.219.40.255,80,80,false,SIN,Asia Pacific,Singapore,6,8.65
8.219.98.13,443,443,true,SIN,Asia Pacific,Singapore,42,8.65
47.236.123.133,2082,2082,false,SIN,Asia Pacific,Singapore,81,8.65
8.222.214.13,80,80,false,SIN,Asia Pacific,Singapore,27,8.65
8.219.98.13,2086,2086,false,SIN,Asia Pacific,Singapore,7,8.65
8.219.87.34,443,443,true,SIN,Asia Pacific,Singapore,58,8.65
47.74.27.94,2095,2095,false,NRT,Asia Pacific,Tokyo,117,8.65
8.219.175.127,2082,2082,false,SIN,Asia Pacific,Singapore,3,8.64
8.222.128.131,2083,2083,true,SIN,Asia Pacific,Singapore,101,8.64
47.245.37.89,2087,2087,true,NRT,Asia Pacific,Tokyo,122,8.64
47.91.31.235,2082,2082,false,NRT,Asia Pacific,Tokyo,83,8.64
47.245.54.140,2087,2087,true,NRT,Asia Pacific,Tokyo,163,8.64
47.245.113.117,8443,8443,true,SIN,Asia Pacific,Singapore,43,8.64
8.219.195.47,2096,2096,true,SIN,Asia Pacific,Singapore,93,8.64
47.74.54.33,2083,2083,true,NRT,Asia Pacific,Tokyo,140,8.63
47.245.41.69,2082,2082,false,NRT,Asia Pacific,Tokyo,89,8.63
8.217.221.165,443,443,true,HKG,Asia Pacific,Hong Kong,127,8.63
8.219.87.34,2083,2083,true,SIN,Asia Pacific,Singapore,74,8.63
47.245.37.37,2082,2082,false,NRT,Asia Pacific,Tokyo,80,8.63
47.74.42.17,2096,2096,true,NRT,Asia Pacific,Tokyo,136,8.63
47.243.203.119,2083,2083,true,HKG,Asia Pacific,Hong Kong,37,8.63
8.222.221.90,2052,2052,false,SIN,Asia Pacific,Singapore,20,8.63
47.245.15.236,2087,2087,true,NRT,Asia Pacific,Tokyo,237,8.63
8.219.159.232,2082,2082,false,SIN,Asia Pacific,Singapore,24,8.62
8.219.215.12,2083,2083,true,SIN,Asia Pacific,Singapore,81,8.62
47.236.117.48,2052,2052,false,SIN,Asia Pacific,Singapore,19,8.62
47.245.54.140,8880,8880,false,NRT,Asia Pacific,Tokyo,74,8.62
47.74.43.95,2083,2083,true,NRT,Asia Pacific,Tokyo,142,8.62
8.222.128.131,2096,2096,true,SIN,Asia Pacific,Singapore,48,8.62
8.219.111.175,2095,2095,false,SIN,Asia Pacific,Singapore,18,8.62
8.219.215.214,2086,2086,false,SIN,Asia Pacific,Singapore,4,8.62
8.219.61.52,2083,2083,true,SIN,Asia Pacific,Singapore,71,8.62
8.222.168.234,2083,2083,true,SIN,Asia Pacific,Singapore,115,8.61
47.245.54.197,2053,2053,true,NRT,Asia Pacific,Tokyo,221,8.61
47.245.10.123,2053,2053,true,NRT,Asia Pacific,Tokyo,134,8.61
8.222.219.34,2086,2086,false,SIN,Asia Pacific,Singapore,7,8.61
8.219.102.252,2095,2095,false,SIN,Asia Pacific,Singapore,40,8.61
8.218.158.94,2087,2087,true,HKG,Asia Pacific,Hong Kong,38,8.60
47.74.54.145,2086,2086,false,NRT,Asia Pacific,Tokyo,79,8.60
8.222.223.34,2052,2052,false,SIN,Asia Pacific,Singapore,22,8.60
8.210.107.246,2083,2083,true,HKG,Asia Pacific,Hong Kong,81,8.60
8.219.255.171,2096,2096,true,SIN,Asia Pacific,Singapore,84,8.60
8.219.122.96,2095,2095,false,SIN,Asia Pacific,Singapore,11,8.60
8.222.154.227,2095,2095,false,SIN,Asia Pacific,Singapore,34,8.60
8.219.60.54,8080,8080,false,SIN,Asia Pacific,Singapore,4,8.60
8.222.187.107,2087,2087,true,SIN,Asia Pacific,Singapore,77,8.59
8.222.180.242,8443,8443,true,SIN,Asia Pacific,Singapore,87,8.59
47.74.54.145,8443,8443,true,NRT,Asia Pacific,Tokyo,146,8.59
47.74.13.200,2053,2053,true,NRT,Asia Pacific,Tokyo,97,8.59
8.219.75.44,8080,8080,false,SIN,Asia Pacific,Singapore,17,8.59
47.245.30.65,2052,2052,false,NRT,Asia Pacific,Tokyo,73,8.59
47.245.9.228,8080,8080,false,NRT,Asia Pacific,Tokyo,75,8.58
47.74.37.50,2052,2052,false,NRT,Asia Pacific,Tokyo,72,8.58
8.219.230.254,8443,8443,true,SIN,Asia Pacific,Singapore,140,8.58
8.219.74.35,2095,2095,false,SIN,Asia Pacific,Singapore,16,8.58
47.74.13.94,2052,2052,false,NRT,Asia Pacific,Tokyo,80,8.58
8.217.147.230,2052,2052,false,HKG,Asia Pacific,Hong Kong,51,8.58
8.219.4.122,2083,2083,true,SIN,Asia Pacific,Singapore,11,8.57
8.219.6.157,2053,2053,true,SIN,Asia Pacific,Singapore,73,8.57
8.219.238.145,443,443,true,SIN,Asia Pacific,Singapore,84,8.57
8.217.85.14,80,80,false,HKG,Asia Pacific,Hong Kong,40,8.57
8.219.55.31,2086,2086,false,SIN,Asia Pacific,Singapore,8,8.57
47.245.30.65,2087,2087,true,NRT,Asia Pacific,Tokyo,175,8.57
47.245.33.158,2053,2053,true,NRT,Asia Pacific,Tokyo,151,8.57
8.219.238.145,8880,8880,false,SIN,Asia Pacific,Singapore,17,8.57
8.219.213.84,8443,8443,true,SIN,Asia Pacific,Singapore,98,8.57
8.219.92.89,2083,2083,true,SIN,Asia Pacific,Singapore,64,8.57
47.74.32.25,8443,8443,true,NRT,Asia Pacific,Tokyo,114,8.57
8.222.229.22,2086,2086,false,SIN,Asia Pacific,Singapore,8,8.57
47.245.55.99,2083,2083,true,NRT,Asia Pacific,Tokyo,181,8.56
47.245.37.29,2095,2095,false,NRT,Asia Pacific,Tokyo,93,8.56
47.236.116.208,8443,8443,true,SIN,Asia Pacific,Singapore,94,8.56
8.222.140.87,2096,2096,true,SIN,Asia Pacific,Singapore,113,8.55
47.74.37.50,8080,8080,false,NRT,Asia Pacific,Tokyo,92,8.55
8.219.115.215,8443,8443,true,SIN,Asia Pacific,Singapore,38,8.55
47.74.54.145,8443,8443,true,NRT,Asia Pacific,Tokyo,149,8.55
8.219.113.27,2087,2087,true,SIN,Asia Pacific,Singapore,55,8.55
8.219.3.53,8880,8880,false,SIN,Asia Pacific,Singapore,7,8.55
8.219.157.97,2095,2095,false,SIN,Asia Pacific,Singapore,17,8.55
8.219.61.52,8443,8443,true,SIN,Asia Pacific,Singapore,56,8.54
8.222.253.235,2053,2053,true,SIN,Asia Pacific,Singapore,69,8.54
47.245.38.233,2096,2096,true,NRT,Asia Pacific,Tokyo,115,8.54
47.74.41.87,8080,8080,false,NRT,Asia Pacific,Tokyo,90,8.54
8.219.202.130,2053,2053,true,SIN,Asia Pacific,Singapore,132,8.53
47.245.42.162,2083,2083,true,NRT,Asia Pacific,Tokyo,122,8.53
47.245.126.151,8443,8443,true,SIN,Asia Pacific,Singapore,73,8.53
47.74.13.94,2086,2086,false,NRT,Asia Pacific,Tokyo,78,8.53
47.245.54.98,8880,8880,false,NRT,Asia Pacific,Tokyo,80,8.53
47.242.54.157,2087,2087,true,HKG,Asia Pacific,Hong Kong,48,8.53
47.74.39.194,2095,2095,false,NRT,Asia Pacific,Tokyo,75,8.53
8.222.193.208,8443,8443,true,SIN,Asia Pacific,Singapore,104,8.52
8.222.159.252,2087,2087,true,SIN,Asia Pacific,Singapore,69,8.52
47.74.40.13,8443,8443,true,NRT,Asia Pacific,Tokyo,149,8.52
47.91.31.231,2052,2052,false,NRT,Asia Pacific,Tokyo,81,8.51
8.219.228.186,2086,2086,false,SIN,Asia Pacific,Singapore,12,8.51
47.245.29.64,2052,2052,false,NRT,Asia Pacific,Tokyo,83,8.51
47.245.34.140,2053,2053,true,NRT,Asia Pacific,Tokyo,166,8.51
47.74.7.51,2087,2087,true,NRT,Asia Pacific,Tokyo,122,8.51
8.219.209.14,2083,2083,true,SIN,Asia Pacific,Singapore,133,8.50
8.217.167.88,2053,2053,true,HKG,Asia Pacific,Hong Kong,107,8.50
8.222.211.124,8443,8443,true,SIN,Asia Pacific,Singapore,93,8.50
47.245.34.36,2096,2096,true,NRT,Asia Pacific,Tokyo,111,8.50
8.222.160.61,2083,2083,true,SIN,Asia Pacific,Singapore,146,8.50
47.74.34.38,80,80,false,NRT,Asia Pacific,Tokyo,77,8.50
47.245.28.255,2096,2096,true,NRT,Asia Pacific,Tokyo,236,8.50
8.219.78.1,2053,2053,true,SIN,Asia Pacific,Singapore,64,8.50
8.222.202.163,2086,2086,false,SIN,Asia Pacific,Singapore,32,8.50
8.222.155.242,2052,2052,false,SIN,Asia Pacific,Singapore,15,8.50
8.222.229.102,2087,2087,true,SIN,Asia Pacific,Singapore,148,8.50
8.219.50.180,8443,8443,true,SIN,Asia Pacific,Singapore,57,8.50
47.245.54.197,2095,2095,false,NRT,Asia Pacific,Tokyo,89,8.50
8.219.185.191,2053,2053,true,SIN,Asia Pacific,Singapore,115,8.50
8.209.248.161,2086,2086,false,NRT,Asia Pacific,Tokyo,77,8.50
47.245.53.50,2086,2086,false,NRT,Asia Pacific,Tokyo,92,8.49
8.222.224.17,2096,2096,true,SIN,Asia Pacific,Singapore,66,8.49
8.219.140.229,2096,2096,true,SIN,Asia Pacific,Singapore,76,8.49
8.219.175.127,443,443,true,SIN,Asia Pacific,Singapore,107,8.48
47.74.18.121,2096,2096,true,NRT,Asia Pacific,Tokyo,167,8.48
8.219.103.126,443,443,true,SIN,Asia Pacific,Singapore,68,8.48
47.74.15.117,2053,2053,true,NRT,Asia Pacific,Tokyo,152,8.48
8.219.228.30,2087,2087,true,SIN,Asia Pacific,Singapore,95,8.48
8.219.0.162,2053,2053,true,SIN,Asia Pacific,Singapore,72,8.47
8.218.18.235,2053,2053,true,HKG,Asia Pacific,Hong Kong,112,8.47
47.245.58.175,8880,8880,false,NRT,Asia Pacific,Tokyo,84,8.47
8.219.84.102,8080,8080,false,SIN,Asia Pacific,Singapore,3,8.47
47.245.56.29,2087,2087,true,NRT,Asia Pacific,Tokyo,249,8.47
47.245.56.207,2086,2086,false,NRT,Asia Pacific,Tokyo,103,8.46
47.245.15.207,2095,2095,false,NRT,Asia Pacific,Tokyo,73,8.46
47.245.53.101,2086,2086,false,NRT,Asia Pacific,Tokyo,111,8.46
8.219.170.58,2095,2095,false,SIN,Asia Pacific,Singapore,17,8.46
47.243.70.197,2096,2096,true,HKG,Asia Pacific,Hong Kong,55,8.46
47.74.14.85,2095,2095,false,NRT,Asia Pacific,Tokyo,82,8.46
8.209.222.31,2086,2086,false,NRT,Asia Pacific,Tokyo,83,8.45
8.219.179.34,8880,8880,false,SIN,Asia Pacific,Singapore,15,8.45
8.219.78.1,2083,2083,true,SIN,Asia Pacific,Singapore,57,8.45
8.222.175.78,80,80,false,SIN,Asia Pacific,Singapore,16,8.45
47.245.9.99,2096,2096,true,NRT,Asia Pacific,Tokyo,204,8.45
8.222.137.178,2087,2087,true,SIN,Asia Pacific,Singapore,54,8.45
8.219.84.102,2086,2086,false,SIN,Asia Pacific,Singapore,5,8.44
47.74.34.162,2086,2086,false,NRT,Asia Pacific,Tokyo,83,8.44
8.219.140.63,2095,2095,false,SIN,Asia Pacific,Singapore,8,8.44
8.222.160.61,2095,2095,false,SIN,Asia Pacific,Singapore,16,8.44
8.222.221.197,80,80,false,SIN,Asia Pacific,Singapore,21,8.44
8.219.202.130,2082,2082,false,SIN,Asia Pacific,Singapore,15,8.44
8.219.197.111,2053,2053,true,SIN,Asia Pacific,Singapore,167,8.44
47.245.8.185,80,80,false,NRT,Asia Pacific,Tokyo,93,8.44
8.222.144.117,2095,2095,false,SIN,Asia Pacific,Singapore,17,8.44
47.74.43.24,2083,2083,true,NRT,Asia Pacific,Tokyo,90,8.44
47.74.12.139,2096,2096,true,NRT,Asia Pacific,Tokyo,136,8.44
8.219.194.170,2082,2082,false,SIN,Asia Pacific,Singapore,17,8.44
47.236.144.196,8443,8443,true,SIN,Asia Pacific,Singapore,110,8.43
47.245.41.69,2086,2086,false,NRT,Asia Pacific,Tokyo,113,8.43
47.245.29.126,2083,2083,true,NRT,Asia Pacific,Tokyo,234,8.43
47.74.34.51,8443,8443,true,NRT,Asia Pacific,Tokyo,130,8.43
8.219.201.174,2087,2087,true,SIN,Asia Pacific,Singapore,99,8.43
47.74.8.238,8880,8880,false,NRT,Asia Pacific,Tokyo,81,8.43
47.74.40.13,2087,2087,true,NRT,Asia Pacific,Tokyo,165,8.43
47.91.16.198,8443,8443,true,NRT,Asia Pacific,Tokyo,95,8.43
8.222.212.219,8443,8443,true,SIN,Asia Pacific,Singapore,97,8.43
8.222.198.105,443,443,true,SIN,Asia Pacific,Singapore,62,8.43
8.219.142.229,8080,8080,false,SIN,Asia Pacific,Singapore,6,8.43
47.74.46.84,2096,2096,true,NRT,Asia Pacific,Tokyo,185,8.43
8.219.106.156,8880,8880,false,SIN,Asia Pacific,Singapore,7,8.43
8.219.114.201,8443,8443,true,SIN,Asia Pacific,Singapore,62,8.43
8.222.129.32,2053,2053,true,SIN,Asia Pacific,Singapore,98,8.43
47.245.7.212,8443,8443,true,NRT,Asia Pacific,Tokyo,116,8.42
8.222.144.117,8443,8443,true,SIN,Asia Pacific,Singapore,104,8.42
8.222.221.197,2086,2086,false,SIN,Asia Pacific,Singapore,40,8.42
47.245.53.50,8080,8080,false,NRT,Asia Pacific,Tokyo,82,8.42
8.219.92.89,2053,2053,true,SIN,Asia Pacific,Singapore,59,8.42
8.219.101.72,2082,2082,false,SIN,Asia Pacific,Singapore,13,8.42
47.74.11.9,80,80,false,NRT,Asia Pacific,Tokyo,77,8.42
47.245.29.126,2052,2052,false,NRT,Asia Pacific,Tokyo,79,8.42
47.245.52.165,2052,2052,false,NRT,Asia Pacific,Tokyo,88,8.42
8.222.169.182,8080,8080,false,SIN,Asia Pacific,Singapore,34,8.41
47.74.41.88,8880,8880,false,HKG,Asia Pacific,Hong Kong,194,8.41
8.219.134.117,2052,2052,false,SIN,Asia Pacific,Singapore,10,8.41
47.245.2.231,2052,2052,false,NRT,Asia Pacific,Tokyo,82,8.41
8.218.3.12,2096,0,true,HKG,Asia Pacific,Hong Kong,43,8.41
8.219.199.220,2053,2053,true,SIN,Asia Pacific,Singapore,139,8.41
8.222.229.22,2095,2095,false,SIN,Asia Pacific,Singapore,11,8.41
8.222.131.102,2096,2096,true,SIN,Asia Pacific,Singapore,97,8.41
47.236.125.62,8443,8443,true,SIN,Asia Pacific,Singapore,98,8.40
47.245.108.213,80,80,false,SIN,Asia Pacific,Singapore,38,8.40
8.222.223.34,2052,2052,false,SIN,Asia Pacific,Singapore,15,8.40
8.219.112.75,2083,2083,true,SIN,Asia Pacific,Singapore,75,8.40
8.219.142.191,8880,8880,false,SIN,Asia Pacific,Singapore,27,8.39
47.245.12.179,2083,2083,true,NRT,Asia Pacific,Tokyo,193,8.39
47.245.37.94,2086,2086,false,NRT,Asia Pacific,Tokyo,79,8.39
47.74.13.66,2053,2053,true,NRT,Asia Pacific,Tokyo,159,8.39
47.74.54.145,2087,2087,true,NRT,Asia Pacific,Tokyo,122,8.39
47.74.12.139,2052,2052,false,NRT,Asia Pacific,Tokyo,89,8.38
47.74.15.117,2082,2082,false,NRT,Asia Pacific,Tokyo,77,8.38
8.222.197.251,2095,2095,false,SIN,Asia Pacific,Singapore,25,8.38
8.222.144.219,2053,2053,true,SIN,Asia Pacific,Singapore,102,8.38
8.219.200.145,2087,2087,true,SIN,Asia Pacific,Singapore,126,8.38
47.245.52.165,2082,2082,false,NRT,Asia Pacific,Tokyo,79,8.37
47.91.31.235,8880,8880,false,NRT,Asia Pacific,Tokyo,78,8.37
8.219.6.157,2087,2087,true,SIN,Asia Pacific,Singapore,66,8.37
8.219.98.13,8443,8443,true,SIN,Asia Pacific,Singapore,78,8.37
47.236.94.113,2053,2053,true,SIN,Asia Pacific,Singapore,87,8.37
8.222.249.98,8080,8080,false,SIN,Asia Pacific,Singapore,7,8.37
8.219.40.255,8080,8080,false,SIN,Asia Pacific,Singapore,9,8.36
8.210.107.246,80,80,false,HKG,Asia Pacific,Hong Kong,124,8.36
8.222.224.17,2082,2082,false,SIN,Asia Pacific,Singapore,11,8.36
8.222.180.86,2086,2086,false,SIN,Asia Pacific,Singapore,29,8.36
8.222.169.182,8880,8880,false,SIN,Asia Pacific,Singapore,31,8.36
8.219.87.34,2096,2096,true,SIN,Asia Pacific,Singapore,140,8.36
8.219.124.227,8443,8443,true,SIN,Asia Pacific,Singapore,16,8.36
8.219.173.239,2096,2096,true,SIN,Asia Pacific,Singapore,58,8.36
8.219.210.226,8880,8880,false,SIN,Asia Pacific,Singapore,23,8.36
47.76.80.72,80,80,false,HKG,Asia Pacific,Hong Kong,92,8.35
8.219.77.91,2087,2087,true,SIN,Asia Pacific,Singapore,51,8.35
8.222.252.150,443,443,true,SIN,Asia Pacific,Singapore,72,8.35
8.218.127.249,2082,2082,false,HKG,Asia Pacific,Hong Kong,123,8.35
47.236.114.23,2096,2096,true,SIN,Asia Pacific,Singapore,76,8.35
47.74.4.47,2083,2083,true,NRT,Asia Pacific,Tokyo,99,8.35
47.91.29.174,2053,2053,true,NRT,Asia Pacific,Tokyo,84,8.35
47.74.15.120,2083,2083,true,NRT,Asia Pacific,Tokyo,110,8.35
47.245.32.215,2095,2095,false,NRT,Asia Pacific,Tokyo,83,8.35
8.219.111.147,2087,2087,true,SIN,Asia Pacific,Singapore,49,8.35
47.245.94.144,2095,2095,false,SIN,Asia Pacific,Singapore,13,8.34
8.219.233.6,2087,2087,true,SIN,Asia Pacific,Singapore,30,8.34
47.245.55.94,2095,2095,false,NRT,Asia Pacific,Tokyo,89,8.34
8.219.74.35,2096,2096,true,SIN,Asia Pacific,Singapore,57,8.34
8.210.107.246,2087,2087,true,HKG,Asia Pacific,Hong Kong,110,8.34
47.74.39.194,8080,8080,false,NRT,Asia Pacific,Tokyo,74,8.34
47.245.37.98,2096,2096,true,NRT,Asia Pacific,Tokyo,132,8.34
8.222.175.6,443,443,true,SIN,Asia Pacific,Singapore,64,8.34
47.242.234.127,2053,2053,true,HKG,Asia Pacific,Hong Kong,145,8.33
8.219.235.164,2087,2087,true,SIN,Asia Pacific,Singapore,10,8.33
47.74.46.84,2087,2087,true,NRT,Asia Pacific,Tokyo,206,8.33
47.74.52.188,2082,2082,false,NRT,Asia Pacific,Tokyo,87,8.33
47.74.22.243,2053,2053,true,NRT,Asia Pacific,Tokyo,124,8.33
8.219.104.242,2053,2053,true,SIN,Asia Pacific,Singapore,78,8.33
47.74.11.251,2096,2096,true,NRT,Asia Pacific,Tokyo,144,8.33
8.219.92.89,8880,8880,false,SIN,Asia Pacific,Singapore,10,8.33
8.219.174.142,443,443,true,SIN,Asia Pacific,Singapore,106,8.32
8.209.243.172,2086,2086,false,NRT,Asia Pacific,Tokyo,86,8.32
47.245.37.41,2095,2095,false,NRT,Asia Pacific,Tokyo,89,8.32
47.245.3.137,2096,2096,true,NRT,Asia Pacific,Tokyo,252,8.32
8.219.6.157,2083,2083,true,SIN,Asia Pacific,Singapore,70,8.32
47.91.21.149,2086,2086,false,NRT,Asia Pacific,Tokyo,84,8.32
47.245.39.49,8880,8880,false,HKG,Asia Pacific,Hong Kong,170,8.32
47.74.41.88,2053,2053,true,HKG,Asia Pacific,Hong Kong,176,8.32
47.74.11.3,8880,8880,false,NRT,Asia Pacific,Tokyo,78,8.31
8.219.222.98,2083,2083,true,SIN,Asia Pacific,Singapore,133,8.31
8.219.209.14,2096,2096,true,SIN,Asia Pacific,Singapore,69,8.31
8.219.156.148,2053,2053,true,SIN,Asia Pacific,Singapore,101,8.31
47.245.56.29,2082,2082,false,NRT,Asia Pacific,Tokyo,82,8.31
8.219.228.193,2095,2095,false,SIN,Asia Pacific,Singapore,14,8.31
8.219.253.18,8443,8443,true,SIN,Asia Pacific,Singapore,107,8.31
47.245.118.197,80,80,false,SIN,Asia Pacific,Singapore,8,8.31
8.219.114.201,2086,2086,false,SIN,Asia Pacific,Singapore,22,8.31
47.245.37.94,2087,2087,true,NRT,Asia Pacific,Tokyo,128,8.31
47.245.59.133,2087,2087,true,NRT,Asia Pacific,Tokyo,193,8.30
47.236.15.73,2083,2083,true,SIN,Asia Pacific,Singapore,78,8.30
47.245.54.197,80,80,false,NRT,Asia Pacific,Tokyo,91,8.30
8.219.72.50,2052,2052,false,SIN,Asia Pacific,Singapore,10,8.30
8.219.72.51,8880,8880,false,SIN,Asia Pacific,Singapore,4,8.30
47.245.54.140,2083,2083,true,NRT,Asia Pacific,Tokyo,205,8.30
8.219.122.96,2053,2053,true,SIN,Asia Pacific,Singapore,58,8.30
47.245.37.12,2087,2087,true,NRT,Asia Pacific,Tokyo,213,8.30
8.219.230.254,2082,2082,false,SIN,Asia Pacific,Singapore,9,8.29
8.219.129.38,2087,2087,true,SIN,Asia Pacific,Singapore,87,8.29
47.74.4.179,2082,2082,false,NRT,Asia Pacific,Tokyo,86,8.29
47.245.34.140,2087,2087,true,NRT,Asia Pacific,Tokyo,161,8.29
47.74.13.66,2095,2095,false,NRT,Asia Pacific,Tokyo,74,8.28
8.222.208.83,2096,2096,true,SIN,Asia Pacific,Singapore,115,8.28
47.74.39.194,2096,2096,true,NRT,Asia Pacific,Tokyo,144,8.28
8.219.228.157,2096,2096,true,SIN,Asia Pacific,Singapore,87,8.28
47.245.55.94,8080,8080,false,NRT,Asia Pacific,Tokyo,97,8.28
8.219.174.142,80,80,false,SIN,Asia Pacific,Singapore,3,8.28
47.245.54.98,8443,8443,true,NRT,Asia Pacific,Tokyo,234,8.27
8.219.201.245,2087,2087,true,SIN,Asia Pacific,Singapore,148,8.27
47.245.37.37,80,80,false,NRT,Asia Pacific,Tokyo,96,8.27
8.222.210.182,80,80,false,SIN,Asia Pacific,Singapore,13,8.27
8.219.99.8,2053,2053,true,SIN,Asia Pacific,Singapore,69,8.27
47.74.54.145,2053,2053,true,NRT,Asia Pacific,Tokyo,132,8.27
8.219.121.24,8080,8080,false,SIN,Asia Pacific,Singapore,25,8.27
47.74.0.183,80,80,false,NRT,Asia Pacific,Tokyo,89,8.27
47.236.116.26,8080,8080,false,SIN,Asia Pacific,Singapore,22,8.27
47.74.26.131,2083,2083,true,NRT,Asia Pacific,Tokyo,82,8.26
47.245.11.216,2053,2053,true,NRT,Asia Pacific,Tokyo,218,8.26
8.219.235.164,2086,2086,false,SIN,Asia Pacific,Singapore,17,8.26
8.219.97.179,2083,2083,true,SIN,Asia Pacific,Singapore,90,8.26
47.74.13.200,2095,2095,false,NRT,Asia Pacific,Tokyo,82,8.26
8.222.254.91,2053,2053,true,SIN,Asia Pacific,Singapore,57,8.26
8.222.226.15,443,443,true,SIN,Asia Pacific,Singapore,118,8.26
47.236.114.167,2096,2096,true,SIN,Asia Pacific,Singapore,81,8.26
8.210.151.69,2053,2053,true,HKG,Asia Pacific,Hong Kong,88,8.25
8.217.159.210,2082,2082,false,HKG,Asia Pacific,Hong Kong,99,8.25
8.219.124.227,80,80,false,SIN,Asia Pacific,Singapore,34,8.25
47.74.40.13,2083,2083,true,NRT,Asia Pacific,Tokyo,103,8.25
8.219.210.64,80,80,false,SIN,Asia Pacific,Singapore,17,8.25
8.219.142.229,2095,2095,false,SIN,Asia Pacific,Singapore,19,8.25
8.222.174.108,2053,2053,true,SIN,Asia Pacific,Singapore,80,8.25
8.222.168.234,2052,2052,false,SIN,Asia Pacific,Singapore,14,8.25
8.219.215.12,2086,2086,false,SIN,Asia Pacific,Singapore,8,8.25
8.222.140.87,8080,8080,false,SIN,Asia Pacific,Singapore,21,8.24
8.219.77.222,2083,2083,true,SIN,Asia Pacific,Singapore,52,8.24
47.245.59.133,2052,2052,false,NRT,Asia Pacific,Tokyo,108,8.23
47.245.82.78,2096,2096,true,SIN,Asia Pacific,Singapore,170,8.23
8.219.228.193,8880,8880,false,SIN,Asia Pacific,Singapore,24,8.23
8.219.251.81,2095,2095,false,SIN,Asia Pacific,Singapore,16,8.23
8.219.235.164,80,80,false,SIN,Asia Pacific,Singapore,13,8.23
8.219.245.187,2087,2087,true,SIN,Asia Pacific,Singapore,61,8.23
8.219.87.34,2086,2086,false,SIN,Asia Pacific,Singapore,21,8.23
47.74.34.162,8443,8443,true,NRT,Asia Pacific,Tokyo,133,8.22
47.236.144.48,2052,2052,false,SIN,Asia Pacific,Singapore,33,8.22
47.245.53.50,2095,2095,false,NRT,Asia Pacific,Tokyo,82,8.22
47.236.144.196,2083,2083,true,SIN,Asia Pacific,Singapore,218,8.22
47.91.21.149,2096,2096,true,NRT,Asia Pacific,Tokyo,97,8.22
8.219.126.240,2096,2096,true,SIN,Asia Pacific,Singapore,76,8.22
8.219.103.65,2095,2095,false,SIN,Asia Pacific,Singapore,5,8.22
47.74.13.94,8443,8443,true,NRT,Asia Pacific,Tokyo,155,8.21
47.74.34.135,8880,8880,false,NRT,Asia Pacific,Tokyo,73,8.21
8.219.112.75,8080,8080,false,SIN,Asia Pacific,Singapore,13,8.21
47.236.99.131,2053,2053,true,SIN,Asia Pacific,Singapore,143,8.21
47.245.52.240,2095,2095,false,NRT,Asia Pacific,Tokyo,83,8.21
8.219.115.215,80,80,false,SIN,Asia Pacific,Singapore,4,8.21
47.74.34.73,2087,2087,true,NRT,Asia Pacific,Tokyo,112,8.21
47.74.34.135,2052,2052,false,NRT,Asia Pacific,Tokyo,85,8.21
8.222.164.209,2053,2053,true,SIN,Asia Pacific,Singapore,118,8.21
8.219.72.51,2053,2053,true,SIN,Asia Pacific,Singapore,51,8.21
8.222.221.109,2095,2095,false,SIN,Asia Pacific,Singapore,18,8.20
8.219.253.18,2082,2082,false,SIN,Asia Pacific,Singapore,11,8.20
47.74.42.111,2095,2095,false,NRT,Asia Pacific,Tokyo,89,8.20
47.74.39.194,8080,8080,false,NRT,Asia Pacific,Tokyo,82,8.20
47.236.75.113,2096,2096,true,SIN,Asia Pacific,Singapore,111,8.20
8.219.129.38,2087,2087,true,SIN,Asia Pacific,Singapore,118,8.20
8.219.179.34,2095,2095,false,SIN,Asia Pacific,Singapore,75,8.20
8.222.223.34,2086,2086,false,SIN,Asia Pacific,Singapore,5,8.20
8.210.146.108,443,443,true,HKG,Asia Pacific,Hong Kong,51,8.19
47.74.26.132,2086,2086,false,NRT,Asia Pacific,Tokyo,97,8.19
47.245.29.64,2053,2053,true,NRT,Asia Pacific,Tokyo,164,8.19
8.222.154.227,2087,2087,true,SIN,Asia Pacific,Singapore,131,8.19
47.74.6.16,8443,8443,true,NRT,Asia Pacific,Tokyo,209,8.19
8.219.66.156,2096,2096,true,SIN,Asia Pacific,Singapore,61,8.19
8.219.198.34,2083,2083,true,SIN,Asia Pacific,Singapore,59,8.19
8.222.187.107,8080,8080,false,SIN,Asia Pacific,Singapore,15,8.18
47.243.162.49,2086,2086,false,HKG,Asia Pacific,Hong Kong,96,8.18
8.219.253.18,2087,2087,true,SIN,Asia Pacific,Singapore,150,8.18
47.74.43.95,2053,2053,true,NRT,Asia Pacific,Tokyo,129,8.18
8.219.208.69,2082,2082,false,SIN,Asia Pacific,Singapore,23,8.18
8.222.137.166,2052,2052,false,SIN,Asia Pacific,Singapore,36,8.18
8.218.243.95,8443,8443,true,HKG,Asia Pacific,Hong Kong,140,8.18
8.219.215.12,2095,2095,false,SIN,Asia Pacific,Singapore,30,8.18
47.245.107.174,2052,2052,false,SIN,Asia Pacific,Singapore,10,8.17
8.219.50.180,2053,2053,true,SIN,Asia Pacific,Singapore,56,8.17
47.245.54.58,2087,2087,true,NRT,Asia Pacific,Tokyo,200,8.17
47.236.121.7,2095,2095,false,SIN,Asia Pacific,Singapore,38,8.16
8.219.101.72,2083,2083,true,SIN,Asia Pacific,Singapore,77,8.16
47.245.39.49,8080,8080,false,HKG,Asia Pacific,Hong Kong,159,8.16
8.219.55.31,2082,2082,false,SIN,Asia Pacific,Singapore,32,8.16
8.222.221.197,2086,2086,false,SIN,Asia Pacific,Singapore,10,8.16
47.245.8.185,8443,8443,true,NRT,Asia Pacific,Tokyo,139,8.16
8.222.144.117,80,80,false,SIN,Asia Pacific,Singapore,18,8.16
47.245.57.109,2095,2095,false,NRT,Asia Pacific,Tokyo,90,8.16
47.245.52.165,2083,2083,true,NRT,Asia Pacific,Tokyo,330,8.16
8.219.121.87,2052,2052,false,SIN,Asia Pacific,Singapore,5,8.16
47.245.54.58,2086,2086,false,NRT,Asia Pacific,Tokyo,103,8.16
8.219.87.34,2053,2053,true,SIN,Asia Pacific,Singapore,38,8.15
47.91.21.149,80,80,false,NRT,Asia Pacific,Tokyo,76,8.15
8.219.82.35,2082,2082,false,SIN,Asia Pacific,Singapore,9,8.15
47.74.6.16,2053,2053,true,NRT,Asia Pacific,Tokyo,193,8.15
8.222.129.245,8880,8880,false,SIN,Asia Pacific,Singapore,14,8.15
8.222.214.231,8443,8443,true,SIN,Asia Pacific,Singapore,115,8.15
47.243.203.119,8443,8443,true,HKG,Asia Pacific,Hong Kong,158,8.15
47.242.59.216,2083,2083,true,HKG,Asia Pacific,Hong Kong,107,8.15
47.236.125.62,8880,8880,false,SIN,Asia Pacific,Singapore,24,8.14
8.222.202.163,80,80,false,SIN,Asia Pacific,Singapore,24,8.14
8.219.174.213,8880,8880,false,SIN,Asia Pacific,Singapore,15,8.14
47.74.15.80,2083,2083,true,NRT,Asia Pacific,Tokyo,200,8.14
47.245.55.235,2096,2096,true,NRT,Asia Pacific,Tokyo,153,8.14
8.222.221.86,2082,2082,false,SIN,Asia Pacific,Singapore,19,8.14
8.222.137.192,80,80,false,SIN,Asia Pacific,Singapore,12,8.13
47.243.203.119,2087,2087,true,HKG,Asia Pacific,Hong Kong,79,8.13
8.219.193.22,2053,2053,true,SIN,Asia Pacific,Singapore,54,8.13
47.74.15.120,8880,8880,false,NRT,Asia Pacific,Tokyo,78,8.13
47.74.34.38,2083,2083,true,NRT,Asia Pacific,Tokyo,105,8.13
8.222.248.188,2095,2095,false,SIN,Asia Pacific,Singapore,36,8.13
8.219.228.193,443,443,true,SIN,Asia Pacific,Singapore,92,8.13
47.245.59.188,8080,8080,false,NRT,Asia Pacific,Tokyo,89,8.13
47.245.7.212,8880,8880,false,NRT,Asia Pacific,Tokyo,94,8.13
8.219.134.63,2095,2095,false,SIN,Asia Pacific,Singapore,5,8.12
8.219.233.6,2087,2087,true,SIN,Asia Pacific,Singapore,154,8.12
8.209.243.172,2082,2082,false,NRT,Asia Pacific,Tokyo,75,8.12
47.242.54.157,443,443,true,HKG,Asia Pacific,Hong Kong,83,8.12
47.236.19.51,2096,2096,true,SIN,Asia Pacific,Singapore,47,8.12
47.74.15.117,8880,8880,false,NRT,Asia Pacific,Tokyo,90,8.12
47.74.11.3,80,80,false,NRT,Asia Pacific,Tokyo,93,8.12
47.242.171.94,2083,2083,true,HKG,Asia Pacific,Hong Kong,51,8.12
8.217.147.230,2083,2083,true,HKG,Asia Pacific,Hong Kong,41,8.12
8.219.233.6,2053,2053,true,SIN,Asia Pacific,Singapore,84,8.12
47.245.12.179,2096,2096,true,NRT,Asia Pacific,Tokyo,179,8.12
47.245.37.41,2083,2083,true,NRT,Asia Pacific,Tokyo,112,8.12
47.74.15.120,8080,8080,false,NRT,Asia Pacific,Tokyo,76,8.12
8.222.150.197,2095,2095,false,SIN,Asia Pacific,Singapore,34,8.11
47.245.8.185,2052,2052,false,NRT,Asia Pacific,Tokyo,89,8.11
8.222.174.108,2086,2086,false,SIN,Asia Pacific,Singapore,14,8.11
8.219.248.170,8443,8443,true,SIN,Asia Pacific,Singapore,84,8.11
47.91.21.149,2095,2095,false,NRT,Asia Pacific,Tokyo,80,8.10
47.74.15.120,8443,8443,true,NRT,Asia Pacific,Tokyo,159,8.10
47.245.39.49,2095,2095,false,HKG,Asia Pacific,Hong Kong,178,8.10
47.91.31.235,2083,2083,true,NRT,Asia Pacific,Tokyo,112,8.10
8.219.228.157,2052,2052,false,SIN,Asia Pacific,Singapore,12,8.10
8.222.238.141,8443,8443,true,SIN,Asia Pacific,Singapore,122,8.10
47.74.11.219,8443,8443,true,NRT,Asia Pacific,Tokyo,228,8.10
8.219.106.156,2096,2096,true,SIN,Asia Pacific,Singapore,45,8.10
47.74.16.67,2053,2053,true,NRT,Asia Pacific,Tokyo,174,8.10
47.245.8.156,8443,8443,true,NRT,Asia Pacific,Tokyo,135,8.09
47.74.5.99,2086,2086,false,NRT,Asia Pacific,Tokyo,85,8.09
8.222.129.32,2087,2087,true,SIN,Asia Pacific,Singapore,105,8.09
47.74.5.233,2086,2086,false,NRT,Asia Pacific,Tokyo,86,8.09
8.210.65.1,8443,8443,true,HKG,Asia Pacific,Hong Kong,33,8.09
47.245.10.123,8443,8443,true,NRT,Asia Pacific,Tokyo,231,8.09
47.245.89.102,8443,8443,true,SIN,Asia Pacific,Singapore,51,8.09
8.219.4.122,80,80,false,SIN,Asia Pacific,Singapore,5,8.08
47.245.53.50,2087,2087,true,NRT,Asia Pacific,Tokyo,148,8.08
47.74.14.85,2082,2082,false,NRT,Asia Pacific,Tokyo,79,8.08
47.74.54.33,2053,2053,true,NRT,Asia Pacific,Tokyo,137,8.08
47.245.55.99,2087,2087,true,NRT,Asia Pacific,Tokyo,170,8.08
8.219.174.142,2083,2083,true,SIN,Asia Pacific,Singapore,122,8.08
47.74.36.154,2083,2083,true,NRT,Asia Pacific,Tokyo,254,8.07
8.219.61.52,2095,2095,false,SIN,Asia Pacific,Singapore,17,8.07
8.219.172.128,2053,2053,true,SIN,Asia Pacific,Singapore,94,8.07
8.222.175.78,2096,2096,true,SIN,Asia Pacific,Singapore,167,8.07
8.219.242.208,8443,8443,true,SIN,Asia Pacific,Singapore,142,8.07
8.210.192.93,2083,2083,true,HKG,Asia Pacific,Hong Kong,66,8.07
8.219.42.72,8880,8880,false,SIN,Asia Pacific,Singapore,36,8.07
47.245.12.179,2087,2087,true,NRT,Asia Pacific,Tokyo,167,8.07
47.74.23.99,8443,8443,true,NRT,Asia Pacific,Tokyo,134,8.07
47.245.40.161,2052,2052,false,NRT,Asia Pacific,Tokyo,88,8.06
8.219.141.174,2086,2086,false,SIN,Asia Pacific,Singapore,19,8.06
8.222.237.131,2087,2087,true,SIN,Asia Pacific,Singapore,87,8.06
47.74.8.238,2087,2087,true,NRT,Asia Pacific,Tokyo,233,8.06
8.222.244.123,2086,2086,false,SIN,Asia Pacific,Singapore,20,8.06
8.219.198.139,2096,2096,true,SIN,Asia Pacific,Singapore,65,8.06
47.74.27.151,8443,8443,true,NRT,Asia Pacific,Tokyo,157,8.06
8.219.198.34,2053,2053,true,SIN,Asia Pacific,Singapore,108,8.06
8.219.4.122,2086,2086,false,SIN,Asia Pacific,Singapore,11,8.05
8.222.211.16,80,80,false,SIN,Asia Pacific,Singapore,7,8.05
47.245.55.235,2096,2096,true,NRT,Asia Pacific,Tokyo,155,8.05
8.222.128.131,2083,2083,true,SIN,Asia Pacific,Singapore,84,8.05
47.74.46.84,2095,2095,false,NRT,Asia Pacific,Tokyo,83,8.05
47.245.37.89,80,80,false,NRT,Asia Pacific,Tokyo,73,8.05
8.209.241.128,8080,8080,false,NRT,Asia Pacific,Tokyo,115,8.05
47.74.42.111,8443,8443,true,NRT,Asia Pacific,Tokyo,188,8.05
8.219.179.34,80,80,false,SIN,Asia Pacific,Singapore,55,8.05
47.74.15.80,8443,8443,true,NRT,Asia Pacific,Tokyo,178,8.05
47.74.34.135,8443,8443,true,NRT,Asia Pacific,Tokyo,120,8.04
47.236.116.182,2096,2096,true,SIN,Asia Pacific,Singapore,194,8.04
8.219.110.88,8880,8880,false,SIN,Asia Pacific,Singapore,12,8.04
47.74.10.135,8080,8080,false,NRT,Asia Pacific,Tokyo,77,8.04
8.219.13.143,443,443,true,SIN,Asia Pacific,Singapore,12,8.04
8.219.111.147,2082,2082,false,SIN,Asia Pacific,Singapore,5,8.04
8.219.201.174,2083,2083,true,SIN,Asia Pacific,Singapore,76,8.03
47.245.56.121,2087,2087,true,NRT,Asia Pacific,Tokyo,180,8.03
47.74.15.117,2096,2096,true,NRT,Asia Pacific,Tokyo,215,8.03
47.245.53.50,2083,2083,true,NRT,Asia Pacific,Tokyo,230,8.03
47.74.41.87,2053,2053,true,NRT,Asia Pacific,Tokyo,166,8.03
8.222.155.242,2096,2096,true,SIN,Asia Pacific,Singapore,104,8.03
8.219.56.205,2082,2082,false,SIN,Asia Pacific,Singapore,14,8.02
8.219.103.65,2086,2086,false,SIN,Asia Pacific,Singapore,7,8.02
8.222.226.15,8080,8080,false,SIN,Asia Pacific,Singapore,14,8.02
8.222.164.209,2083,2083,true,SIN,Asia Pacific,Singapore,118,8.02
47.245.14.160,2052,2052,false,NRT,Asia Pacific,Tokyo,89,8.02
8.210.55.134,8443,8443,true,HKG,Asia Pacific,Hong Kong,71,8.02
47.91.19.249,2083,2083,true,NRT,Asia Pacific,Tokyo,139,8.02
47.74.34.135,2095,2095,false,NRT,Asia Pacific,Tokyo,76,8.02
47.74.16.67,8080,8080,false,NRT,Asia Pacific,Tokyo,89,8.02
47.245.54.98,2052,2052,false,NRT,Asia Pacific,Tokyo,86,8.01
47.245.56.207,2095,2095,false,NRT,Asia Pacific,Tokyo,105,8.01
47.74.5.99,2096,2096,true,NRT,Asia Pacific,Tokyo,157,8.01
47.245.8.156,2087,2087,true,NRT,Asia Pacific,Tokyo,116,8.01
8.219.56.205,2083,2083,true,SIN,Asia Pacific,Singapore,71,8.01
8.219.196.24,2082,2082,false,SIN,Asia Pacific,Singapore,16,8.01
8.219.56.205,2095,2095,false,SIN,Asia Pacific,Singapore,3,8.00
8.210.192.93,8443,8443,true,HKG,Asia Pacific,Hong Kong,41,8.00
47.245.13.93,2082,2082,false,NRT,Asia Pacific,Tokyo,93,8.00
47.245.59.133,2082,2082,false,NRT,Asia Pacific,Tokyo,89,8.00
8.219.137.50,8080,8080,false,SIN,Asia Pacific,Singapore,8,8.00
47.245.42.162,80,80,false,NRT,Asia Pacific,Tokyo,92,8.00
8.222.208.83,443,443,true,SIN,Asia Pacific,Singapore,78,8.00
8.219.228.193,2052,2052,false,SIN,Asia Pacific,Singapore,22,8.00
47.74.12.139,2086,2086,false,NRT,Asia Pacific,Tokyo,91,8.00
47.236.94.113,80,80,false,SIN,Asia Pacific,Singapore,53,8.00
8.219.87.34,8880,8880,false,SIN,Asia Pacific,Singapore,10,7.99
47.91.28.27,2053,2053,true,NRT,Asia Pacific,Tokyo,81,7.99
8.222.168.24,2052,2052,false,SIN,Asia Pacific,Singapore,28,7.99
8.219.67.133,8080,8080,false,SIN,Asia Pacific,Singapore,12,7.99
8.222.214.231,8080,8080,false,SIN,Asia Pacific,Singapore,37,7.99
47.91.25.66,2095,2095,false,NRT,Asia Pacific,Tokyo,90,7.98
8.222.208.38,2082,2082,false,SIN,Asia Pacific,Singapore,9,7.98
47.74.11.251,8443,8443,true,NRT,Asia Pacific,Tokyo,153,7.98
8.219.113.27,2082,2082,false,SIN,Asia Pacific,Singapore,7,7.98
8.209.248.161,2052,2052,false,NRT,Asia Pacific,Tokyo,91,7.98
47.245.53.50,80,80,false,NRT,Asia Pacific,Tokyo,84,7.98
8.222.211.124,2053,2053,true,SIN,Asia Pacific,Singapore,115,7.98
8.222.202.163,8880,8880,false,SIN,Asia Pacific,Singapore,12,7.97
47.245.37.29,80,80,false,NRT,Asia Pacific,Tokyo,77,7.97
8.219.100.155,80,80,false,SIN,Asia Pacific,Singapore,9,7.97
8.210.146.108,2053,2053,true,HKG,Asia Pacific,Hong Kong,150,7.97
8.222.137.192,80,80,false,SIN,Asia Pacific,Singapore,27,7.97
47.245.107.174,2052,2052,false,SIN,Asia Pacific,Singapore,9,7.97
47.245.11.62,2053,2053,true,NRT,Asia Pacific,Tokyo,144,7.97
8.222.213.221,80,80,false,SIN,Asia Pacific,Singapore,34,7.97
8.219.253.18,2095,2095,false,SIN,Asia Pacific,Singapore,16,7.97
47.245.30.144,2083,2083,true,NRT,Asia Pacific,Tokyo,221,7.97
8.219.196.24,2096,2096,true,SIN,Asia Pacific,Singapore,94,7.97
8.222.137.178,2083,2083,true,SIN,Asia Pacific,Singapore,82,7.97
47.245.11.108,2053,2053,true,NRT,Asia Pacific,Tokyo,147,7.97
8.219.60.130,2052,2052,false,SIN,Asia Pacific,Singapore,12,7.97
8.219.137.50,2086,2086,false,SIN,Asia Pacific,Singapore,11,7.96
8.219.201.174,2082,2082,false,SIN,Asia Pacific,Singapore,17,7.96
8.210.101.157,2053,2053,true,HKG,Asia Pacific,Hong Kong,34,7.96
47.245.114.163,8080,8080,false,SIN,Asia Pacific,Singapore,6,7.96
8.222.144.117,2087,2087,true,SIN,Asia Pacific,Singapore,99,7.96
47.91.18.207,8080,8080,false,NRT,Asia Pacific,Tokyo,73,7.96
47.245.33.163,8080,8080,false,NRT,Asia Pacific,Tokyo,79,7.96
47.245.41.169,2083,2083,true,NRT,Asia Pacific,Tokyo,107,7.96
8.222.249.190,2053,2053,true,SIN,Asia Pacific,Singapore,62,7.96
8.222.154.50,2096,2096,true,SIN,Asia Pacific,Singapore,161,7.96
8.222.222.64,2082,2082,false,SIN,Asia Pacific,Singapore,15,7.96
47.74.39.194,2053,2053,true,NRT,Asia Pacific,Tokyo,206,7.95
8.219.209.14,2053,2053,true,SIN,Asia Pacific,Singapore,49,7.95
47.245.40.161,80,80,false,NRT,Asia Pacific,Tokyo,87,7.95
8.219.67.133,80,80,false,SIN,Asia Pacific,Singapore,5,7.95
8.222.137.178,8880,8880,false,SIN,Asia Pacific,Singapore,9,7.95
8.219.222.8,2053,2053,true,SIN,Asia Pacific,Singapore,150,7.95
47.74.11.251,2052,2052,false,NRT,Asia Pacific,Tokyo,78,7.95
47.245.13.93,8880,8880,false,NRT,Asia Pacific,Tokyo,77,7.95
8.209.240.229,2082,2082,false,NRT,Asia Pacific,Tokyo,78,7.94
8.219.60.54,80,80,false,SIN,Asia Pacific,Singapore,5,7.94
8.219.179.34,2052,2052,false,SIN,Asia Pacific,Singapore,5,7.94
8.209.252.13,2053,2053,true,NRT,Asia Pacific,Tokyo,100,7.94
8.219.174.142,2053,2053,true,SIN,Asia Pacific,Singapore,93,7.94
47.91.19.249,2053,2053,true,NRT,Asia Pacific,Tokyo,145,7.94
8.222.152.165,2052,2052,false,SIN,Asia Pacific,Singapore,16,7.94
47.245.54.197,8880,8880,false,NRT,Asia Pacific,Tokyo,126,7.94
8.222.224.17,2096,2096,true,SIN,Asia Pacific,Singapore,135,7.94
47.74.42.17,2083,2083,true,NRT,Asia Pacific,Tokyo,142,7.94
47.236.145.85,8080,8080,false,SIN,Asia Pacific,Singapore,34,7.93
8.222.167.147,2095,2095,false,SIN,Asia Pacific,Singapore,10,7.93
8.222.226.15,2082,2082,false,SIN,Asia Pacific,Singapore,12,7.93
47.74.43.95,8880,8880,false,NRT,Asia Pacific,Tokyo,70,7.93
8.222.187.4,8080,8080,false,SIN,Asia Pacific,Singapore,10,7.93
8.219.129.38,2096,2096,true,SIN,Asia Pacific,Singapore,62,7.93
8.210.146.108,2083,2083,true,HKG,Asia Pacific,Hong Kong,93,7.93
8.222.147.203,2082,2082,false,SIN,Asia Pacific,Singapore,13,7.92
8.210.101.157,2096,2096,true,HKG,Asia Pacific,Hong Kong,91,7.92
47.245.118.70,2053,2053,true,SIN,Asia Pacific,Singapore,125,7.92
47.74.15.80,2096,2096,true,NRT,Asia Pacific,Tokyo,90,7.92
47.236.125.62,2053,2053,true,SIN,Asia Pacific,Singapore,79,7.92
47.74.5.99,80,80,false,NRT,Asia Pacific,Tokyo,88,7.92
8.219.42.72,2096,2096,true,SIN,Asia Pacific,Singapore,151,7.92
47.245.52.240,2052,2052,false,NRT,Asia Pacific,Tokyo,75,7.92
47.91.21.149,2086,2086,false,NRT,Asia Pacific,Tokyo,83,7.92
47.245.118.70,2083,2083,true,SIN,Asia Pacific,Singapore,96,7.92
8.219.240.160,443,443,true,SIN,Asia Pacific,Singapore,110,7.92
8.222.168.234,2086,2086,false,SIN,Asia Pacific,Singapore,14,7.91
8.219.250.239,2083,2083,true,SIN,Asia Pacific,Singapore,230,7.91
47.245.33.158,2086,2086,false,NRT,Asia Pacific,Tokyo,80,7.91
8.219.193.22,8880,8880,false,SIN,Asia Pacific,Singapore,17,7.91
47.245.38.233,80,80,false,NRT,Asia Pacific,Tokyo,80,7.91
8.219.61.52,2086,2086,false,SIN,Asia Pacific,Singapore,4,7.91
47.74.37.50,2052,2052,false,NRT,Asia Pacific,Tokyo,87,7.91
8.219.121.87,2096,2096,true,SIN,Asia Pacific,Singapore,88,7.91
8.219.194.170,2096,2096,true,SIN,Asia Pacific,Singapore,152,7.91
8.219.50.180,2052,2052,false,SIN,Asia Pacific,Singapore,23,7.90
8.219.72.50,443,443,true,SIN,Asia Pacific,Singapore,110,7.90
8.222.197.251,2083,2083,true,SIN,Asia Pacific,Singapore,100,7.90
8.222.224.162,2087,2087,true,SIN,Asia Pacific,Singapore,59,7.90
47.74.26.196,2086,2086,false,HKG,Asia Pacific,Hong Kong,164,7.90
8.222.152.165,2087,2087,true,SIN,Asia Pacific,Singapore,120,7.90
47.74.54.145,80,80,false,NRT,Asia Pacific,Tokyo,72,7.90
8.222.214.231,8080,8080,false,SIN,Asia Pacific,Singapore,9,7.89
8.219.170.232,2096,2096,true,SIN,Asia Pacific,Singapore,108,7.89
8.219.74.35,8880,8880,false,SIN,Asia Pacific,Singapore,5,7.89
8.218.48.92,2052,2052,false,HKG,Asia Pacific,Hong Kong,92,7.89
8.219.206.180,80,80,false,SIN,Asia Pacific,Singapore,61,7.88
8.222.197.251,2082,2082,false,SIN,Asia Pacific,Singapore,26,7.88
47.245.33.56,8880,8880,false,NRT,Asia Pacific,Tokyo,89,7.88
47.245.39.28,8443,8443,true,NRT,Asia Pacific,Tokyo,229,7.88
8.219.129.38,8080,8080,false,SIN,Asia Pacific,Singapore,13,7.88
8.222.153.11,8880,8880,false,SIN,Asia Pacific,Singapore,17,7.87
8.219.238.145,2052,2052,false,SIN,Asia Pacific,Singapore,8,7.87
8.209.215.247,80,80,false,NRT,Asia Pacific,Tokyo,77,7.87
8.209.215.247,8080,8080,false,NRT,Asia Pacific,Tokyo,73,7.87
47.74.7.214,8880,8880,false,NRT,Asia Pacific,Tokyo,106,7.87
8.222.248.188,2082,2082,false,SIN,Asia Pacific,Singapore,29,7.87
47.74.11.9,8443,8443,true,NRT,Asia Pacific,Tokyo,130,7.87
47.74.18.121,2087,2087,true,NRT,Asia Pacific,Tokyo,163,7.86
47.74.14.85,2083,2083,true,NRT,Asia Pacific,Tokyo,175,7.86
8.219.185.191,2052,2052,false,SIN,Asia Pacific,Singapore,6,7.86
47.236.97.254,2082,2082,false,SIN,Asia Pacific,Singapore,30,7.86
8.219.228.186,2052,2052,false,SIN,Asia Pacific,Singapore,11,7.86
8.219.74.35,2083,2083,true,SIN,Asia Pacific,Singapore,90,7.86
8.222.236.229,2087,2087,true,SIN,Asia Pacific,Singapore,57,7.85
47.242.174.27,8080,8080,false,HKG,Asia Pacific,Hong Kong,47,7.85
8.222.131.102,2083,2083,true,SIN,Asia Pacific,Singapore,93,7.85
8.210.101.157,2087,2087,true,HKG,Asia Pacific,Hong Kong,86,7.85
8.218.48.92,2082,2082,false,HKG,Asia Pacific,Hong Kong,87,7.85
8.222.244.123,2095,2095,false,SIN,Asia Pacific,Singapore,10,7.85
8.219.77.91,2087,2087,true,SIN,Asia Pacific,Singapore,36,7.85
47.74.43.95,2086,2086,false,NRT,Asia Pacific,Tokyo,76,7.85
8.222.167.147,2082,2082,false,SIN,Asia Pacific,Singapore,15,7.84
8.222.152.165,8080,8080,false,SIN,Asia Pacific,Singapore,6,7.84
8.219.185.191,8880,8880,false,SIN,Asia Pacific,Singapore,48,7.84
47.91.22.34,2083,2083,true,NRT,Asia Pacific,Tokyo,77,7.84
47.245.126.151,2053,2053,true,SIN,Asia Pacific,Singapore,44,7.84
47.91.16.198,2095,2095,false,NRT,Asia Pacific,Tokyo,80,7.84
8.219.185.191,8080,8080,false,SIN,Asia Pacific,Singapore,42,7.84
8.222.221.109,2087,2087,true,SIN,Asia Pacific,Singapore,88,7.83
47.74.43.24,2053,2053,true,NRT,Asia Pacific,Tokyo,98,7.83
8.219.201.174,2095,2095,false,SIN,Asia Pacific,Singapore,11,7.83
8.217.85.14,80,80,false,HKG,Asia Pacific,Hong Kong,111,7.83
47.245.54.98,2082,2082,false,NRT,Asia Pacific,Tokyo,80,7.83
8.219.173.195,8443,8443,true,SIN,Asia Pacific,Singapore,150,7.82
8.219.228.193,2096,2096,true,SIN,Asia Pacific,Singapore,93,7.82
8.217.91.121,2053,2053,true,HKG,Asia Pacific,Hong Kong,126,7.82
47.74.27.151,2052,2052,false,NRT,Asia Pacific,Tokyo,79,7.82
47.74.36.154,2096,2096,true,NRT,Asia Pacific,Tokyo,134,7.82
8.222.238.141,2095,2095,false,SIN,Asia Pacific,Singapore,16,7.82
8.219.167.65,8080,8080,false,SIN,Asia Pacific,Singapore,17,7.82
8.222.221.90,8880,8880,false,SIN,Asia Pacific,Singapore,11,7.81
47.91.31.231,8443,8443,true,NRT,Asia Pacific,Tokyo,105,7.81
8.210.245.224,443,443,true,HKG,Asia Pacific,Hong Kong,80,7.81
47.91.21.107,2095,2095,false,NRT,Asia Pacific,Tokyo,85,7.81
8.219.210.226,8880,8880,false,SIN,Asia Pacific,Singapore,15,7.81
8.219.159.232,2053,2053,true,SIN,Asia Pacific,Singapore,110,7.81
47.245.37.89,8880,8880,false,NRT,Asia Pacific,Tokyo,89,7.81
47.74.43.95,8080,8080,false,NRT,Asia Pacific,Tokyo,84,7.80
47.245.11.216,8080,8080,false,NRT,Asia Pacific,Tokyo,81,7.80
47.74.23.99,80,80,false,NRT,Asia Pacific,Tokyo,72,7.80
47.74.7.51,2083,2083,true,NRT,Asia Pacific,Tokyo,166,7.80
8.210.156.6,2095,2095,false,HKG,Asia Pacific,Hong Kong,86,7.80
8.222.221.90,80,80,false,SIN,Asia Pacific,Singapore,13,7.80
47.245.42.162,8080,8080,false,NRT,Asia Pacific,Tokyo,82,7.80
47.236.144.48,2053,2053,true,SIN,Asia Pacific,Singapore,102,7.80
8.219.6.157,2095,2095,false,SIN,Asia Pacific,Singapore,5,7.80
8.222.248.188,2096,2096,true,SIN,Asia Pacific,Singapore,102,7.80
47.236.82.218,8443,8443,true,SIN,Asia Pacific,Singapore,98,7.79
47.245.58.175,8443,8443,true,NRT,Asia Pacific,Tokyo,203,7.79
47.245.59.188,2086,2086,false,NRT,Asia Pacific,Tokyo,76,7.79
47.245.26.167,2096,2096,true,NRT,Asia Pacific,Tokyo,129,7.79
47.245.58.175,2083,2083,true,NRT,Asia Pacific,Tokyo,135,7.79
47.245.59.244,2086,2086,false,NRT,Asia Pacific,Tokyo,112,7.79
8.218.2.181,2082,2082,false,HKG,Asia Pacific,Hong Kong,43,7.79
47.74.4.47,2087,2087,true,NRT,Asia Pacific,Tokyo,151,7.79
47.245.108.213,8880,8880,false,SIN,Asia Pacific,Singapore,7,7.78
47.91.29.174,2096,2096,true,NRT,Asia Pacific,Tokyo,76,7.78
47.251.74.226,80,80,false,LAX,North America,Los Angeles,174,7.78
47.236.144.156,2096,2096,true,SIN,Asia Pacific,Singapore,184,7.78
47.76.77.103,2053,2053,true,HKG,Asia Pacific,Hong Kong,81,7.78
47.74.5.233,8080,8080,false,NRT,Asia Pacific,Tokyo,92,7.77
8.222.164.209,2053,2053,true,SIN,Asia Pacific,Singapore,128,7.77
47.245.11.62,8880,8880,false,NRT,Asia Pacific,Tokyo,75,7.77
47.236.145.85,80,80,false,SIN,Asia Pacific,Singapore,16,7.77
8.222.138.164,2052,2052,false,SIN,Asia Pacific,Singapore,31,7.77
47.245.113.117,2087,2087,true,SIN,Asia Pacific,Singapore,32,7.77
47.245.55.235,2095,2095,false,NRT,Asia Pacific,Tokyo,115,7.76
47.245.56.207,2083,2083,true,NRT,Asia Pacific,Tokyo,257,7.76
8.219.200.145,2083,2083,true,SIN,Asia Pacific,Singapore,163,7.76
8.219.58.64,2052,2052,false,SIN,Asia Pacific,Singapore,67,7.76
8.217.251.62,2086,2086,false,HKG,Asia Pacific,Hong Kong,45,7.76
8.219.193.202,2095,2095,false,SIN,Asia Pacific,Singapore,31,7.75
8.210.146.108,2095,2095,false,HKG,Asia Pacific,Hong Kong,38,7.75
47.74.50.249,8443,8443,true,NRT,Asia Pacific,Tokyo,191,7.75
8.222.214.13,2096,2096,true,SIN,Asia Pacific,Singapore,79,7.75
8.219.93.85,8080,8080,false,SIN,Asia Pacific,Singapore,13,7.75
47.74.32.25,8880,8880,false,NRT,Asia Pacific,Tokyo,85,7.75
8.219.209.14,8443,8443,true,SIN,Asia Pacific,Singapore,101,7.75
47.245.29.126,2087,2087,true,NRT,Asia Pacific,Tokyo,110,7.74
47.74.37.50,2087,2087,true,NRT,Asia Pacific,Tokyo,165,7.74
47.245.28.255,2087,2087,true,NRT,Asia Pacific,Tokyo,120,7.74
47.245.55.235,2087,2087,true,NRT,Asia Pacific,Tokyo,221,7.74
8.219.250.239,2086,2086,false,SIN,Asia Pacific,Singapore,7,7.74
47.243.107.148,2052,2052,false,HKG,Asia Pacific,Hong Kong,86,7.74
8.222.145.164,2082,2082,false,SIN,Asia Pacific,Singapore,16,7.74
47.91.28.27,8443,8443,true,NRT,Asia Pacific,Tokyo,89,7.74
47.74.27.94,2087,2087,true,NRT,Asia Pacific,Tokyo,221,7.73
47.74.42.17,8880,8880,false,NRT,Asia Pacific,Tokyo,83,7.73
47.91.20.88,8443,8443,true,NRT,Asia Pacific,Tokyo,164,7.73
8.210.65.1,2082,2082,false,HKG,Asia Pacific,Hong Kong,41,7.73
47.74.0.183,2053,2053,true,NRT,Asia Pacific,Tokyo,157,7.73
8.219.210.64,8443,8443,true,SIN,Asia Pacific,Singapore,59,7.73
47.74.13.66,2052,2052,false,NRT,Asia Pacific,Tokyo,79,7.73
47.74.27.94,2096,2096,true,NRT,Asia Pacific,Tokyo,152,7.72
47.236.79.77,2082,2082,false,SIN,Asia Pacific,Singapore,13,7.72
8.222.197.251,8443,8443,true,SIN,Asia Pacific,Singapore,76,7.72
47.236.79.77,8880,8880,false,SIN,Asia Pacific,Singapore,40,7.72
47.245.4.22,8880,8880,false,HKG,Asia Pacific,Hong Kong,171,7.72
8.219.198.34,8080,8080,false,SIN,Asia Pacific,Singapore,10,7.72
8.222.180.86,8880,8880,false,SIN,Asia Pacific,Singapore,14,7.72
8.219.77.91,2082,2082,false,SIN,Asia Pacific,Singapore,7,7.72
47.74.18.121,2095,2095,false,NRT,Asia Pacific,Tokyo,92,7.71
47.245.37.41,2095,2095,false,NRT,Asia Pacific,Tokyo,90,7.71
8.219.195.47,8443,8443,true,SIN,Asia Pacific,Singapore,86,7.71
8.222.223.34,2087,2087,true,SIN,Asia Pacific,Singapore,104,7.71
8.219.5.10,8080,8080,false,SIN,Asia Pacific,Singapore,34,7.71
47.91.20.88,2086,2086,false,NRT,Asia Pacific,Tokyo,92,7.71
47.74.11.219,80,80,false,NRT,Asia Pacific,Tokyo,76,7.71
47.76.37.57,2087,2087,true,HKG,Asia Pacific,Hong Kong,103,7.70
8.219.172.128,2083,2083,true,SIN,Asia Pacific,Singapore,88,7.70
47.245.40.55,8880,8880,false,HKG,Asia Pacific,Hong Kong,164,7.70
8.222.229.22,2082,2082,false,SIN,Asia Pacific,Singapore,15,7.70
8.222.210.182,2053,2053,true,SIN,Asia Pacific,Singapore,57,7.70
8.219.111.175,2096,2096,true,SIN,Asia Pacific,Singapore,51,7.70
47.245.56.50,8880,8880,false,NRT,Asia Pacific,Tokyo,86,7.69
8.222.249.98,2087,2087,true,SIN,Asia Pacific,Singapore,169,7.69
8.222.167.147,8080,8080,false,SIN,Asia Pacific,Singapore,35,7.69
8.222.249.190,2083,2083,true,SIN,Asia Pacific,Singapore,13,7.69
47.74.13.239,8880,8880,false,NRT,Asia Pacific,Tokyo,75,7.68
47.74.27.151,2082,2082,false,NRT,Asia Pacific,Tokyo,87,7.68
47.236.82.218,8880,8880,false,SIN,Asia Pacific,Singapore,39,7.68
8.218.243.95,2086,2086,false,HKG,Asia Pacific,Hong Kong,93,7.68
8.219.199.220,80,80,false,SIN,Asia Pacific,Singapore,12,7.68
47.245.39.49,80,80,false,HKG,Asia Pacific,Hong Kong,170,7.68
47.245.39.28,2086,2086,false,NRT,Asia Pacific,Tokyo,82,7.67
47.245.54.58,2086,2086,false,NRT,Asia Pacific,Tokyo,79,7.67
47.236.130.95,2083,2083,true,SIN,Asia Pacific,Singapore,71,7.67
47.236.79.77,2087,2087,true,SIN,Asia Pacific,Singapore,74,7.67
47.76.77.103,2096,2096,true,HKG,Asia Pacific,Hong Kong,85,7.66
8.217.193.25,2096,2096,true,HKG,Asia Pacific,Hong Kong,141,7.66
8.219.248.47,2087,2087,true,SIN,Asia Pacific,Singapore,83,7.66
47.245.57.38,2082,2082,false,HKG,Asia Pacific,Hong Kong,166,7.66
8.219.215.12,2087,2087,true,SIN,Asia Pacific,Singapore,108,7.66
8.219.65.191,2052,2052,false,SIN,Asia Pacific,Singapore,6,7.66
8.222.229.102,2082,2082,false,SIN,Asia Pacific,Singapore,18,7.65
8.222.209.223,2096,2096,true,SIN,Asia Pacific,Singapore,75,7.65
8.222.131.102,80,80,false,SIN,Asia Pacific,Singapore,27,7.65
47.74.39.194,2086,2086,false,NRT,Asia Pacific,Tokyo,80,7.65
8.219.255.171,8080,8080,false,SIN,Asia Pacific,Singapore,12,7.65
8.219.111.147,2053,2053,true,SIN,Asia Pacific,Singapore,45,7.64
8.210.245.224,8443,8443,true,HKG,Asia Pacific,Hong Kong,42,7.64
8.219.208.69,80,80,false,SIN,Asia Pacific,Singapore,57,7.64
8.219.175.127,2096,2096,true,SIN,Asia Pacific,Singapore,104,7.64
47.245.12.38,2053,2053,true,NRT,Asia Pacific,Tokyo,308,7.64
47.74.10.135,2095,2095,false,NRT,Asia Pacific,Tokyo,71,7.64
8.210.55.134,2083,2083,true,HKG,Asia Pacific,Hong Kong,91,7.63
47.245.54.140,80,80,false,NRT,Asia Pacific,Tokyo,98,7.63
8.219.103.57,2053,2053,true,SIN,Asia Pacific,Singapore,34,7.63
8.219.236.8,2052,2052,false,SIN,Asia Pacific,Singapore,16,7.63
47.74.45.143,8880,8880,false,NRT,Asia Pacific,Tokyo,71,7.63
47.245.56.29,2096,2096,true,NRT,Asia Pacific,Tokyo,283,7.63
47.91.21.149,2087,2087,true,NRT,Asia Pacific,Tokyo,128,7.63
8.222.137.192,2083,2083,true,SIN,Asia Pacific,Singapore,108,7.63
8.219.134.117,80,80,false,SIN,Asia Pacific,Singapore,7,7.63
47.236.7.206,2053,2053,true,SIN,Asia Pacific,Singapore,69,7.62
47.91.29.174,80,80,false,NRT,Asia Pacific,Tokyo,115,7.62
8.219.126.240,2083,2083,true,SIN,Asia Pacific,Singapore,56,7.62
47.74.41.136,2082,2082,false,NRT,Asia Pacific,Tokyo,75,7.62
8.219.193.22,8443,8443,true,SIN,Asia Pacific,Singapore,66,7.62
8.209.243.172,8080,8080,false,NRT,Asia Pacific,Tokyo,80,7.62
47.74.40.13,2052,2052,false,NRT,Asia Pacific,Tokyo,73,7.62
8.219.124.227,2052,2052,false,SIN,Asia Pacific,Singapore,6,7.62
47.245.59.243,8880,8880,false,NRT,Asia Pacific,Tokyo,93,7.61
47.245.33.163,8443,8443,true,NRT,Asia Pacific,Tokyo,290,7.61
47.245.15.39,8443,8443,true,NRT,Asia Pacific,Tokyo,167,7.61
47.245.126.151,8880,8880,false,SIN,Asia Pacific,Singapore,11,7.61
8.219.121.24,2095,2095,false,SIN,Asia Pacific,Singapore,10,7.61
8.219.111.147,2083,2083,true,SIN,Asia Pacific,Singapore,64,7.61
47.245.33.163,2083,2083,true,NRT,Asia Pacific,Tokyo,159,7.61
8.209.214.222,2053,2053,true,NRT,Asia Pacific,Tokyo,112,7.60
8.219.170.58,8880,8880,false,SIN,Asia Pacific,Singapore,49,7.60
8.219.173.239,80,80,false,SIN,Asia Pacific,Singapore,26,7.60
8.219.104.242,2082,2082,false,SIN,Asia Pacific,Singapore,8,7.60
47.236.116.26,443,443,true,SIN,Asia Pacific,Singapore,76,7.60
8.219.198.139,2052,2052,false,SIN,Asia Pacific,Singapore,13,7.59
8.219.106.156,2053,2053,true,SIN,Asia Pacific,Singapore,128,7.59
8.219.175.127,8443,8443,true,SIN,Asia Pacific,Singapore,63,7.59
8.219.103.57,2087,2087,true,SIN,Asia Pacific,Singapore,74,7.59
8.209.242.25,2095,2095,false,NRT,Asia Pacific,Tokyo,102,7.59
8.222.128.131,2053,2053,true,SIN,Asia Pacific,Singapore,88,7.59
8.219.142.191,2087,2087,true,SIN,Asia Pacific,Singapore,115,7.58
47.245.58.250,2096,2096,true,NRT,Asia Pacific,Tokyo,242,7.58
47.236.121.7,2082,2082,false,SIN,Asia Pacific,Singapore,20,7.58
8.218.207.169,2096,2096,true,HKG,Asia Pacific,Hong Kong,109,7.58
47.74.43.24,2052,2052,false,NRT,Asia Pacific,Tokyo,74,7.58
47.236.150.109,8080,8080,false,SIN,Asia Pacific,Singapore,34,7.58
47.245.55.99,8080,8080,false,NRT,Asia Pacific,Tokyo,99,7.57
8.219.42.72,2052,2052,false,SIN,Asia Pacific,Singapore,19,7.57
8.219.3.53,8080,8080,false,SIN,Asia Pacific,Singapore,14,7.56
8.219.58.64,8443,8443,true,SIN,Asia Pacific,Singapore,77,7.56
47.74.35.127,2082,2082,false,NRT,Asia Pacific,Tokyo,88,7.56
47.74.45.143,8880,8880,false,NRT,Asia Pacific,Tokyo,71,7.56
47.74.46.84,80,80,false,NRT,Asia Pacific,Tokyo,77,7.56
47.74.37.50,8443,8443,true,NRT,Asia Pacific,Tokyo,150,7.56
47.74.7.51,2052,2052,false,NRT,Asia Pacific,Tokyo,88,7.56
8.209.222.232,2083,2083,true,HKG,Asia Pacific,Hong Kong,189,7.56
8.222.140.87,8443,8443,true,SIN,Asia Pacific,Singapore,58,7.56
8.219.210.226,80,80,false,SIN,Asia Pacific,Singapore,20,7.55
47.74.37.50,2087,2087,true,NRT,Asia Pacific,Tokyo,183,7.55
47.245.58.175,2087,2087,true,NRT,Asia Pacific,Tokyo,176,7.55
8.219.206.53,80,80,false,SIN,Asia Pacific,Singapore,12,7.55
8.219.72.50,8080,8080,false,SIN,Asia Pacific,Singapore,7,7.55
8.219.115.215,2082,2082,false,SIN,Asia Pacific,Singapore,7,7.55
8.222.229.102,2053,2053,true,SIN,Asia Pacific,Singapore,73,7.54
8.219.121.24,2082,2082,false,SIN,Asia Pacific,Singapore,12,7.54
8.217.164.10,443,443,true,HKG,Asia Pacific,Hong Kong,45,7.54
47.74.50.249,8080,8080,false,NRT,Asia Pacific,Tokyo,74,7.54
47.245.13.93,2096,2096,true,NRT,Asia Pacific,Tokyo,95,7.54
8.219.92.89,8443,8443,true,SIN,Asia Pacific,Singapore,46,7.53
8.219.247.203,2087,2087,true,SIN,Asia Pacific,Singapore,110,7.53
8.222.224.17,2095,2095,false,SIN,Asia Pacific,Singapore,28,7.53
47.245.126.151,2082,2082,false,SIN,Asia Pacific,Singapore,16,7.53
8.219.202.130,2053,2053,true,SIN,Asia Pacific,Singapore,63,7.53
8.219.140.229,8443,8443,true,SIN,Asia Pacific,Singapore,58,7.53
8.219.241.189,2052,2052,false,SIN,Asia Pacific,Singapore,12,7.53
47.74.27.211,2052,2052,false,NRT,Asia Pacific,Tokyo,82,7.52
47.74.41.88,8080,8080,false,HKG,Asia Pacific,Hong Kong,158,7.52
47.74.11.251,2095,2095,false,NRT,Asia Pacific,Tokyo,76,7.52
47.74.5.233,2053,2053,true,NRT,Asia Pacific,Tokyo,164,7.52
8.219.251.81,2096,2096,true,SIN,Asia Pacific,Singapore,56,7.52
8.218.18.235,8880,8880,false,HKG,Asia Pacific,Hong Kong,41,7.51
8.222.224.17,2052,2052,false,SIN,Asia Pacific,Singapore,11,7.51
47.91.31.231,8880,8880,false,NRT,Asia Pacific,Tokyo,90,7.51
8.217.207.60,443,443,true,HKG,Asia Pacific,Hong Kong,132,7.51
47.76.77.103,2082,2082,false,HKG,Asia Pacific,Hong Kong,83,7.51
47.242.174.27,80,80,false,HKG,Asia Pacific,Hong Kong,89,7.51
8.219.198.139,8443,8443,true,SIN,Asia Pacific,Singapore,61,7.51
47.245.15.236,2083,2083,true,NRT,Asia Pacific,Tokyo,115,7.51
47.74.41.88,2095,2095,false,HKG,Asia Pacific,Hong Kong,178,7.50
47.245.42.210,80,80,false,NRT,Asia Pacific,Tokyo,76,7.50
8.222.214.13,8443,8443,true,SIN,Asia Pacific,Singapore,48,7.50
8.222.154.227,8080,8080,false,SIN,Asia Pacific,Singapore,23,7.50
47.74.13.239,2052,2052,false,NRT,Asia Pacific,Tokyo,94,7.50
47.245.52.165,8880,8880,false,NRT,Asia Pacific,Tokyo,83,7.50
8.219.12.152,8880,8880,false,SIN,Asia Pacific,Singapore,3,7.50
47.91.16.214,2095,2095,false,NRT,Asia Pacific,Tokyo,80,7.50
8.219.5.10,2096,2096,true,SIN,Asia Pacific,Singapore,119,7.49
47.236.145.85,2095,2095,false,SIN,Asia Pacific,Singapore,44,7.49
8.222.154.50,8080,8080,false,SIN,Asia Pacific,Singapore,22,7.49
8.219.4.122,2053,2053,true,SIN,Asia Pacific,Singapore,22,7.49
8.219.235.164,443,443,true,SIN,Asia Pacific,Singapore,115,7.49
47.74.36.154,2086,2086,false,NRT,Asia Pacific,Tokyo,74,7.49
8.222.144.219,2053,2053,true,SIN,Asia Pacific,Singapore,146,7.49
47.245.42.210,2083,2083,true,NRT,Asia Pacific,Tokyo,160,7.48
47.245.56.207,2087,2087,true,NRT,Asia Pacific,Tokyo,257,7.48
8.219.142.191,2095,2095,false,SIN,Asia Pacific,Singapore,14,7.48
47.74.18.121,80,80,false,NRT,Asia Pacific,Tokyo,97,7.48
47.74.11.251,2053,2053,true,NRT,Asia Pacific,Tokyo,144,7.48
8.219.248.170,80,80,false,SIN,Asia Pacific,Singapore,5,7.48
8.222.208.38,80,80,false,SIN,Asia Pacific,Singapore,6,7.47
47.74.41.88,2082,2082,false,HKG,Asia Pacific,Hong Kong,172,7.47
8.219.77.91,8880,8880,false,SIN,Asia Pacific,Singapore,5,7.46
8.219.247.203,2083,2083,true,SIN,Asia Pacific,Singapore,176,7.46
47.245.6.9,8880,8880,false,HKG,Asia Pacific,Hong Kong,170,7.46
47.245.94.144,2052,2052,false,SIN,Asia Pacific,Singapore,14,7.46
47.74.13.94,2053,2053,true,NRT,Asia Pacific,Tokyo,208,7.46
8.222.168.24,8443,8443,true,SIN,Asia Pacific,Singapore,131,7.46
47.236.114.167,2052,2052,false,SIN,Asia Pacific,Singapore,23,7.46
8.222.137.192,2096,2096,true,SIN,Asia Pacific,Singapore,107,7.46
47.74.12.139,2082,2082,false,NRT,Asia Pacific,Tokyo,106,7.46
8.209.222.232,8443,8443,true,HKG,Asia Pacific,Hong Kong,205,7.46
47.245.54.140,2052,2052,false,NRT,Asia Pacific,Tokyo,79,7.46
8.219.104.242,80,80,false,SIN,Asia Pacific,Singapore,8,7.45
8.222.211.16,2096,2096,true,SIN,Asia Pacific,Singapore,152,7.45
8.222.211.16,2082,2082,false,SIN,Asia Pacific,Singapore,14,7.45
8.222.229.102,2083,2083,true,SIN,Asia Pacific,Singapore,72,7.45
8.219.240.160,443,443,true,SIN,Asia Pacific,Singapore,117,7.45
47.242.234.127,2096,2096,true,HKG,Asia Pacific,Hong Kong,105,7.45
8.219.84.214,2087,2087,true,SIN,Asia Pacific,Singapore,78,7.45
8.222.248.188,8443,8443,true,SIN,Asia Pacific,Singapore,108,7.45
8.219.113.27,80,80,false,SIN,Asia Pacific,Singapore,14,7.45
8.219.6.157,2086,2086,false,SIN,Asia Pacific,Singapore,101,7.45
8.222.248.188,2052,2052,false,SIN,Asia Pacific,Singapore,34,7.45
8.222.180.242,2083,2083,true,SIN,Asia Pacific,Singapore,114,7.45
8.222.254.91,443,443,true,SIN,Asia Pacific,Singapore,62,7.45
47.245.113.117,8880,8880,false,SIN,Asia Pacific,Singapore,54,7.44
8.219.174.213,8080,8080,false,SIN,Asia Pacific,Singapore,20,7.44
47.245.54.197,80,80,false,NRT,Asia Pacific,Tokyo,84,7.44
8.219.92.89,2087,2087,true,SIN,Asia Pacific,Singapore,65,7.44
8.219.251.81,80,80,false,SIN,Asia Pacific,Singapore,6,7.44
8.222.181.139,443,443,true,SIN,Asia Pacific,Singapore,104,7.44
8.222.145.164,2095,2095,false,SIN,Asia Pacific,Singapore,23,7.44
8.222.229.22,2053,2053,true,SIN,Asia Pacific,Singapore,101,7.44
47.91.22.115,2083,2083,true,NRT,Asia Pacific,Tokyo,148,7.44
8.222.215.228,2096,2096,true,SIN,Asia Pacific,Singapore,87,7.43
47.245.53.101,8080,8080,false,NRT,Asia Pacific,Tokyo,98,7.43
8.219.251.81,8443,8443,true,SIN,Asia Pacific,Singapore,93,7.43
8.219.102.252,2086,2086,false,SIN,Asia Pacific,Singapore,50,7.43
8.219.107.199,80,80,false,SIN,Asia Pacific,Singapore,8,7.43
8.219.77.222,8880,8880,false,SIN,Asia Pacific,Singapore,6,7.43
8.219.228.186,2082,2082,false,SIN,Asia Pacific,Singapore,6,7.42
47.245.54.58,2082,2082,false,NRT,Asia Pacific,Tokyo,121,7.42
8.222.182.10,2087,2087,true,SIN,Asia Pacific,Singapore,124,7.42
8.219.241.189,2053,2053,true,SIN,Asia Pacific,Singapore,55,7.42
8.222.187.4,8443,8443,true,SIN,Asia Pacific,Singapore,61,7.42
8.222.175.78,8880,8880,false,SIN,Asia Pacific,Singapore,32,7.42
47.245.37.98,2087,2087,true,NRT,Asia Pacific,Tokyo,201,7.42
8.219.174.142,8880,8880,false,SIN,Asia Pacific,Singapore,140,7.42
47.74.15.117,8443,8443,true,NRT,Asia Pacific,Tokyo,171,7.41
47.74.36.154,2083,2083,true,NRT,Asia Pacific,Tokyo,104,7.41
8.219.100.168,2096,2096,true,SIN,Asia Pacific,Singapore,72,7.41
8.222.236.229,2096,2096,true,SIN,Asia Pacific,Singapore,82,7.41
47.245.58.175,8443,8443,true,NRT,Asia Pacific,Tokyo,194,7.41
8.219.122.96,443,443,true,SIN,Asia Pacific,Singapore,100,7.41
8.222.131.102,2083,2083,true,SIN,Asia Pacific,Singapore,163,7.41
47.74.35.127,2083,2083,true,NRT,Asia Pacific,Tokyo,132,7.41
47.74.42.111,2086,2086,false,NRT,Asia Pacific,Tokyo,83,7.41
47.74.26.196,8880,8880,false,HKG,Asia Pacific,Hong Kong,172,7.41
47.245.56.50,8080,8080,false,NRT,Asia Pacific,Tokyo,88,7.40
47.245.11.108,2095,2095,false,NRT,Asia Pacific,Tokyo,97,7.40
8.222.168.24,2086,2086,false,SIN,Asia Pacific,Singapore,21,7.40
47.245.55.235,2083,2083,true,NRT,Asia Pacific,Tokyo,165,7.40
8.219.173.239,2095,2095,false,SIN,Asia Pacific,Singapore,22,7.39
8.219.248.170,2086,2086,false,SIN,Asia Pacific,Singapore,15,7.39
47.245.8.156,2083,2083,true,NRT,Asia Pacific,Tokyo,161,7.39
8.219.230.254,80,80,false,SIN,Asia Pacific,Singapore,17,7.39
8.219.213.112,2052,2052,false,SIN,Asia Pacific,Singapore,4,7.39
8.219.174.213,2082,2082,false,SIN,Asia Pacific,Singapore,14,7.39
8.217.149.28,2082,2082,false,HKG,Asia Pacific,Hong Kong,79,7.39
47.245.55.99,80,80,false,NRT,Asia Pacific,Tokyo,86,7.39
8.222.145.164,80,80,false,SIN,Asia Pacific,Singapore,15,7.39
8.222.212.172,443,443,true,SIN,Asia Pacific,Singapore,132,7.39
8.222.221.86,2086,2086,false,SIN,Asia Pacific,Singapore,4,7.39
47.74.43.24,2087,2087,true,NRT,Asia Pacific,Tokyo,138,7.39
8.219.5.10,2052,2052,false,SIN,Asia Pacific,Singapore,28,7.39
8.219.198.34,443,443,true,SIN,Asia Pacific,Singapore,70,7.38
47.74.27.94,2052,2052,false,NRT,Asia Pacific,Tokyo,75,7.38
47.245.56.29,80,80,false,NRT,Asia Pacific,Tokyo,87,7.38
47.236.94.109,8880,8880,false,SIN,Asia Pacific,Singapore,59,7.38
47.74.41.88,2087,2087,true,HKG,Asia Pacific,Hong Kong,202,7.38
8.209.243.172,8880,8880,false,NRT,Asia Pacific,Tokyo,79,7.38
47.245.126.151,2053,2053,true,SIN,Asia Pacific,Singapore,126,7.38
8.209.214.222,2087,2087,true,NRT,Asia Pacific,Tokyo,174,7.38
8.222.159.252,80,80,false,SIN,Asia Pacific,Singapore,17,7.38
47.74.52.104,8443,8443,true,NRT,Asia Pacific,Tokyo,99,7.38
47.74.14.85,2095,2095,false,NRT,Asia Pacific,Tokyo,85,7.37
47.74.52.104,2082,2082,false,NRT,Asia Pacific,Tokyo,79,7.37
47.245.4.219,8443,8443,true,NRT,Asia Pacific,Tokyo,113,7.37
47.245.59.133,2082,2082,false,NRT,Asia Pacific,Tokyo,133,7.37
47.91.21.149,8880,8880,false,NRT,Asia Pacific,Tokyo,84,7.37
8.219.126.240,2096,2096,true,SIN,Asia Pacific,Singapore,101,7.37
8.222.145.164,8443,8443,true,SIN,Asia Pacific,Singapore,132,7.37
47.236.144.208,2096,2096,true,SIN,Asia Pacific,Singapore,66,7.36
8.222.180.242,2082,2082,false,SIN,Asia Pacific,Singapore,9,7.36
47.74.5.99,2083,2083,true,NRT,Asia Pacific,Tokyo,164,7.36
8.219.140.63,2087,2087,true,SIN,Asia Pacific,Singapore,104,7.35
8.219.220.122,2082,2082,false,SIN,Asia Pacific,Singapore,49,7.35
8.222.252.150,443,443,true,SIN,Asia Pacific,Singapore,105,7.35
47.74.8.238,2086,2086,false,NRT,Asia Pacific,Tokyo,97,7.35
8.219.174.213,2087,2087,true,SIN,Asia Pacific,Singapore,62,7.35
8.218.2.181,8443,8443,true,HKG,Asia Pacific,Hong Kong,173,7.35
8.219.77.222,8443,8443,true,SIN,Asia Pacific,Singapore,40,7.35
47.74.16.67,2095,2095,false,NRT,Asia Pacific,Tokyo,73,7.35
47.243.161.235,2096,2096,true,HKG,Asia Pacific,Hong Kong,98,7.34
8.209.215.247,2053,2053,true,NRT,Asia Pacific,Tokyo,103,7.34
47.236.116.182,8880,8880,false,SIN,Asia Pacific,Singapore,22,7.34
8.222.238.141,2052,2052,false,SIN,Asia Pacific,Singapore,17,7.34
47.74.27.211,8080,8080,false,NRT,Asia Pacific,Tokyo,73,7.34
8.219.84.214,80,80,false,SIN,Asia Pacific,Singapore,2,7.33
47.245.115.6,2052,2052,false,SIN,Asia Pacific,Singapore,23,7.33
47.245.34.36,2086,2086,false,NRT,Asia Pacific,Tokyo,99,7.33
47.76.80.72,8880,8880,false,HKG,Asia Pacific,Hong Kong,48,7.33
47.74.49.62,2083,2083,true,NRT,Asia Pacific,Tokyo,107,7.33
8.219.77.222,2095,2095,false,SIN,Asia Pacific,Singapore,15,7.33
8.222.254.91,2052,2052,false,SIN,Asia Pacific,Singapore,8,7.33
8.217.207.60,2095,2095,false,HKG,Asia Pacific,Hong Kong,124,7.32
47.74.52.188,2086,2086,false,NRT,Asia Pacific,Tokyo,77,7.32
8.219.206.53,2095,2095,false,SIN,Asia Pacific,Singapore,13,7.32
8.222.222.64,2082,2082,false,SIN,Asia Pacific,Singapore,332,7.32
8.222.221.90,2083,2083,true,SIN,Asia Pacific,Singapore,86,7.32
8.219.213.133,2052,2052,false,SIN,Asia Pacific,Singapore,14,7.32
47.243.86.79,8880,8880,false,HKG,Asia Pacific,Hong Kong,83,7.32
8.222.137.166,2053,2053,true,SIN,Asia Pacific,Singapore,72,7.32
8.222.214.231,8880,8880,false,SIN,Asia Pacific,Singapore,21,7.32
8.209.215.247,2052,2052,false,NRT,Asia Pacific,Tokyo,74,7.32
8.219.154.107,8443,8443,true,SIN,Asia Pacific,Singapore,74,7.31
47.236.117.48,2086,2086,false,SIN,Asia Pacific,Singapore,27,7.31
47.74.14.85,8880,8880,false,NRT,Asia Pacific,Tokyo,80,7.31
8.219.186.189,2095,2095,false,SIN,Asia Pacific,Singapore,120,7.31
8.219.107.199,8880,8880,false,SIN,Asia Pacific,Singapore,8,7.31
47.74.52.104,2053,2053,true,NRT,Asia Pacific,Tokyo,79,7.31
47.236.116.26,80,80,false,SIN,Asia Pacific,Singapore,48,7.30
8.219.175.127,2083,2083,true,SIN,Asia Pacific,Singapore,92,7.30
47.74.7.214,2087,2087,true,NRT,Asia Pacific,Tokyo,167,7.30
47.74.52.188,2052,2052,false,NRT,Asia Pacific,Tokyo,90,7.30
47.243.86.79,2082,2082,false,HKG,Asia Pacific,Hong Kong,108,7.30
8.219.186.189,2083,2083,true,SIN,Asia Pacific,Singapore,98,7.30
8.222.212.219,8880,8880,false,SIN,Asia Pacific,Singapore,19,7.29
47.91.16.214,2053,2053,true,NRT,Asia Pacific,Tokyo,104,7.29
47.74.15.80,2086,2086,false,NRT,Asia Pacific,Tokyo,74,7.29
47.74.54.145,2082,2082,false,NRT,Asia Pacific,Tokyo,72,7.29
8.219.241.189,8880,8880,false,SIN,Asia Pacific,Singapore,12,7.29
47.91.1.199,2087,2087,true,NRT,Asia Pacific,Tokyo,133,7.28
8.219.111.175,443,443,true,SIN,Asia Pacific,Singapore,78,7.28
47.74.16.255,2096,2096,true,NRT,Asia Pacific,Tokyo,125,7.28
47.245.56.121,2082,2082,false,NRT,Asia Pacific,Tokyo,92,7.28
8.219.0.162,2083,2083,true,SIN,Asia Pacific,Singapore,29,7.28
8.222.238.141,80,80,false,SIN,Asia Pacific,Singapore,30,7.28
8.219.197.111,2082,2082,false,SIN,Asia Pacific,Singapore,5,7.28
8.219.193.22,2087,2087,true,SIN,Asia Pacific,Singapore,14,7.28
8.219.115.215,2082,2082,false,SIN,Asia Pacific,Singapore,12,7.28
47.74.5.233,2096,2096,true,NRT,Asia Pacific,Tokyo,166,7.28
47.245.126.151,2087,2087,true,SIN,Asia Pacific,Singapore,99,7.28
8.219.200.145,8080,8080,false,SIN,Asia Pacific,Singapore,28,7.27
47.245.53.101,2087,2087,true,NRT,Asia Pacific,Tokyo,176,7.27
8.219.102.252,2095,2095,false,SIN,Asia Pacific,Singapore,7,7.27
8.222.187.107,2083,2083,true,SIN,Asia Pacific,Singapore,76,7.27
47.245.28.255,2053,2053,true,NRT,Asia Pacific,Tokyo,241,7.27
8.209.243.137,2053,2053,true,NRT,Asia Pacific,Tokyo,92,7.27
47.74.39.194,2083,2083,true,NRT,Asia Pacific,Tokyo,157,7.27
47.245.59.243,2087,2087,true,NRT,Asia Pacific,Tokyo,83,7.26
47.245.59.243,2086,2086,false,NRT,Asia Pacific,Tokyo,89,7.26
8.219.142.191,2083,2083,true,SIN,Asia Pacific,Singapore,53,7.26
8.222.129.32,2086,2086,false,SIN,Asia Pacific,Singapore,23,7.26
8.219.73.21,8080,8080,false,SIN,Asia Pacific,Singapore,28,7.25
47.74.0.183,2087,2087,true,NRT,Asia Pacific,Tokyo,253,7.25
8.219.193.202,2096,2096,true,SIN,Asia Pacific,Singapore,10,7.25
47.243.161.235,2087,2087,true,HKG,Asia Pacific,Hong Kong,96,7.25
47.74.50.249,2095,2095,false,NRT,Asia Pacific,Tokyo,93,7.25
47.245.15.207,2087,2087,true,NRT,Asia Pacific,Tokyo,127,7.25
8.219.100.155,2087,2087,true,SIN,Asia Pacific,Singapore,77,7.25
8.222.159.252,2052,2052,false,SIN,Asia Pacific,Singapore,30,7.24
8.219.126.240,2052,2052,false,SIN,Asia Pacific,Singapore,12,7.24
8.219.67.133,2086,2086,false,SIN,Asia Pacific,Singapore,5,7.24
8.222.168.24,2096,2096,true,SIN,Asia Pacific,Singapore,122,7.24
8.222.164.44,8880,8880,false,SIN,Asia Pacific,Singapore,19,7.24
8.219.65.191,2087,2087,true,SIN,Asia Pacific,Singapore,31,7.24
8.219.179.34,443,443,true,SIN,Asia Pacific,Singapore,87,7.24
8.219.194.170,2053,2053,true,SIN,Asia Pacific,Singapore,74,7.24
8.219.241.189,443,443,true,SIN,Asia Pacific,Singapore,112,7.24
8.222.249.190,2086,2086,false,SIN,Asia Pacific,Singapore,13,7.23
8.222.197.251,2095,2095,false,SIN,Asia Pacific,Singapore,9,7.23
47.236.144.208,2087,2087,true,SIN,Asia Pacific,Singapore,119,7.23
8.210.65.1,2087,2087,true,HKG,Asia Pacific,Hong Kong,81,7.23
8.222.145.110,2083,2083,true,SIN,Asia Pacific,Singapore,44,7.23
47.91.16.198,2053,2053,true,NRT,Asia Pacific,Tokyo,95,7.23
8.219.101.138,80,80,false,SIN,Asia Pacific,Singapore,15,7.22
47.245.59.244,8443,8443,true,NRT,Asia Pacific,Tokyo,234,7.22
47.74.13.66,2096,2096,true,NRT,Asia Pacific,Tokyo,116,7.22
47.91.25.66,2083,2083,true,NRT,Asia Pacific,Tokyo,96,7.22
8.219.137.50,443,443,true,SIN,Asia Pacific,Singapore,78,7.22
8.222.224.162,2052,2052,false,SIN,Asia Pacific,Singapore,5,7.22
8.222.213.221,2095,2095,false,SIN,Asia Pacific,Singapore,14,7.22
47.236.117.48,8443,8443,true,SIN,Asia Pacific,Singapore,128,7.22
8.219.13.143,2096,2096,true,SIN,Asia Pacific,Singapore,50,7.22
47.242.59.216,2096,2096,true,HKG,Asia Pacific,Hong Kong,54,7.22
8.222.213.221,2095,2095,false,SIN,Asia Pacific,Singapore,7,7.22
47.74.4.179,2087,2087,true,NRT,Asia Pacific,Tokyo,182,7.22
8.219.152.195,8443,8443,true,SIN,Asia Pacific,Singapore,93,7.22
8.219.98.13,2083,2083,true,SIN,Asia Pacific,Singapore,101,7.22
8.219.134.117,80,80,false,SIN,Asia Pacific,Singapore,4,7.21
8.222.155.242,8080,8080,false,SIN,Asia Pacific,Singapore,25,7.21
8.219.170.180,2095,2095,false,SIN,Asia Pacific,Singapore,12,7.21
8.222.221.86,2052,2052,false,SIN,Asia Pacific,Singapore,23,7.21
47.74.23.99,2053,2053,true,NRT,Asia Pacific,Tokyo,151,7.21
8.222.169.182,8080,8080,false,SIN,Asia Pacific,Singapore,29,7.21
8.219.247.203,2096,2096,true,SIN,Asia Pacific,Singapore,89,7.21
47.74.42.17,80,80,false,NRT,Asia Pacific,Tokyo,76,7.21
47.74.39.194,2053,2053,true,NRT,Asia Pacific,Tokyo,104,7.21
47.74.52.104,8880,8880,false,NRT,Asia Pacific,Tokyo,90,7.21
47.245.30.144,80,80,false,NRT,Asia Pacific,Tokyo,80,7.20
8.222.223.34,2096,2096,true,SIN,Asia Pacific,Singapore,127,7.20
47.245.29.64,2087,2087,true,NRT,Asia Pacific,Tokyo,121,7.20
8.222.211.124,8443,8443,true,SIN,Asia Pacific,Singapore,175,7.20
8.219.202.130,2086,2086,false,SIN,Asia Pacific,Singapore,13,7.20
8.210.101.157,2082,2082,false,HKG,Asia Pacific,Hong Kong,91,7.20
47.74.49.62,2095,2095,false,NRT,Asia Pacific,Tokyo,93,7.20
8.222.137.192,2053,2053,true,SIN,Asia Pacific,Singapore,94,7.20
8.218.211.17,2087,2087,true,HKG,Asia Pacific,Hong Kong,100,7.19
47.74.12.139,8443,8443,true,NRT,Asia Pacific,Tokyo,210,7.19
47.91.16.198,2096,2096,true,NRT,Asia Pacific,Tokyo,91,7.19
47.243.86.79,2053,2053,true,HKG,Asia Pacific,Hong Kong,58,7.19
8.222.154.50,8443,8443,true,SIN,Asia Pacific,Singapore,100,7.18
8.222.168.234,80,80,false,SIN,Asia Pacific,Singapore,20,7.18
8.209.243.137,2096,2096,true,NRT,Asia Pacific,Tokyo,117,7.18
47.74.16.67,2096,2096,true,NRT,Asia Pacific,Tokyo,182,7.18
8.218.3.12,2087,2087,true,HKG,Asia Pacific,Hong Kong,94,7.18
8.222.212.219,2052,2052,false,SIN,Asia Pacific,Singapore,40,7.17
8.219.124.227,8880,8880,false,SIN,Asia Pacific,Singapore,5,7.17
47.245.30.144,2053,2053,true,NRT,Asia Pacific,Tokyo,235,7.17
8.219.170.58,2086,2086,false,SIN,Asia Pacific,Singapore,29,7.17
47.74.50.249,2086,2086,false,NRT,Asia Pacific,Tokyo,87,7.17
47.245.37.29,2096,2096,true,NRT,Asia Pacific,Tokyo,178,7.17
8.222.226.15,443,443,true,SIN,Asia Pacific,Singapore,56,7.17
8.219.74.35,2087,2087,true,SIN,Asia Pacific,Singapore,99,7.17
47.74.37.50,8080,8080,false,NRT,Asia Pacific,Tokyo,84,7.17
8.209.222.232,2096,2096,true,HKG,Asia Pacific,Hong Kong,248,7.16
8.219.66.156,2053,2053,true,SIN,Asia Pacific,Singapore,88,7.16
8.222.211.16,8880,8880,false,SIN,Asia Pacific,Singapore,17,7.16
47.245.58.250,2053,2053,true,NRT,Asia Pacific,Tokyo,180,7.15
47.74.13.200,8880,8880,false,NRT,Asia Pacific,Tokyo,84,7.15
8.222.154.227,8443,8443,true,SIN,Asia Pacific,Singapore,96,7.15
47.74.15.117,2083,2083,true,NRT,Asia Pacific,Tokyo,117,7.15
8.222.198.105,2095,2095,false,SIN,Asia Pacific,Singapore,15,7.15
47.245.56.207,2083,2083,true,NRT,Asia Pacific,Tokyo,128,7.15
8.222.136.196,2087,2087,true,SIN,Asia Pacific,Singapore,8,7.15
8.217.159.210,2083,2083,true,HKG,Asia Pacific,Hong Kong,74,7.15
47.242.155.183,2083,2083,true,HKG,Asia Pacific,Hong Kong,39,7.15
8.217.167.88,2087,2087,true,HKG,Asia Pacific,Hong Kong,136,7.14
8.219.250.239,8443,8443,true,SIN,Asia Pacific,Singapore,70,7.14
8.219.247.203,2095,2095,false,SIN,Asia Pacific,Singapore,19,7.14
47.74.5.150,2083,2083,true,NRT,Asia Pacific,Tokyo,276,7.14
8.219.195.47,2083,2083,true,SIN,Asia Pacific,Singapore,56,7.14
47.245.118.197,2082,2082,false,SIN,Asia Pacific,Singapore,7,7.14
8.222.180.86,8080,8080,false,SIN,Asia Pacific,Singapore,19,7.14
8.222.221.86,2087,2087,true,SIN,Asia Pacific,Singapore,115,7.13
47.245.34.140,8443,8443,true,NRT,Asia Pacific,Tokyo,229,7.13
8.219.206.180,2096,2096,true,SIN,Asia Pacific,Singapore,99,7.13
47.245.52.165,2083,2083,true,NRT,Asia Pacific,Tokyo,129,7.13
47.245.38.233,2095,2095,false,NRT,Asia Pacific,Tokyo,75,7.13
8.219.58.64,2087,2087,true,SIN,Asia Pacific,Singapore,81,7.12
47.236.97.90,2083,2083,true,SIN,Asia Pacific,Singapore,65,7.12
47.74.26.132,8880,8880,false,NRT,Asia Pacific,Tokyo,75,7.12
8.219.78.1,2095,2095,false,SIN,Asia Pacific,Singapore,5,7.12
8.219.153.44,2052,2052,false,SIN,Asia Pacific,Singapore,3,7.12
47.245.42.162,2087,2087,true,NRT,Asia Pacific,Tokyo,292,7.12
8.217.164.10,80,80,false,HKG,Asia Pacific,Hong Kong,37,7.12
8.222.140.185,2087,2087,true,SIN,Asia Pacific,Singapore,98,7.12
47.245.40.161,2095,2095,false,NRT,Asia Pacific,Tokyo,88,7.12
8.218.2.181,2083,2083,true,HKG,Asia Pacific,Hong Kong,83,7.11
8.219.40.255,8880,8880,false,SIN,Asia Pacific,Singapore,13,7.11
8.219.249.38,8443,8443,true,SIN,Asia Pacific,Singapore,135,7.11
8.219.152.195,2052,2052,false,SIN,Asia Pacific,Singapore,6,7.11
47.245.108.213,8443,8443,true,SIN,Asia Pacific,Singapore,81,7.11
8.219.111.175,2086,2086,false,SIN,Asia Pacific,Singapore,7,7.11
47.74.43.24,2096,2096,true,NRT,Asia Pacific,Tokyo,217,7.11
8.222.244.123,80,80,false,SIN,Asia Pacific,Singapore,20,7.11
47.245.57.38,8880,8880,false,HKG,Asia Pacific,Hong Kong,174,7.11
47.236.144.48,2095,2095,false,SIN,Asia Pacific,Singapore,34,7.10
8.222.236.229,8443,8443,true,SIN,Asia Pacific,Singapore,136,7.10
8.219.230.254,2082,2082,false,SIN,Asia Pacific,Singapore,13,7.10
47.245.56.29,2053,2053,true,NRT,Asia Pacific,Tokyo,244,7.10
8.219.172.128,2052,2052,false,SIN,Asia Pacific,Singapore,65,7.10
47.74.8.238,2087,2087,true,NRT,Asia Pacific,Tokyo,123,7.10
47.245.52.240,2053,2053,true,NRT,Asia Pacific,Tokyo,291,7.10
47.245.38.233,8443,8443,true,NRT,Asia Pacific,Tokyo,102,7.10
8.219.206.180,2095,2095,false,SIN,Asia Pacific,Singapore,21,7.09
47.245.59.243,80,80,false,NRT,Asia Pacific,Tokyo,86,7.09
8.222.152.165,2082,2082,false,SIN,Asia Pacific,Singapore,20,7.09
8.217.251.62,8443,8443,true,HKG,Asia Pacific,Hong Kong,84,7.09
8.219.196.117,2053,2053,true,SIN,Asia Pacific,Singapore,120,7.08
8.222.169.182,2095,2095,false,SIN,Asia Pacific,Singapore,512,7.08
8.222.210.182,2087,2087,true,SIN,Asia Pacific,Singapore,82,7.08
8.219.249.38,80,80,false,SIN,Asia Pacific,Singapore,42,7.08
8.219.82.35,2083,2083,true,SIN,Asia Pacific,Singapore,67,7.08
47.245.40.161,2095,2095,false,NRT,Asia Pacific,Tokyo,100,7.08
47.245.59.244,2052,2052,false,NRT,Asia Pacific,Tokyo,106,7.07
47.74.7.51,2095,2095,false,NRT,Asia Pacific,Tokyo,95,7.07
8.222.147.203,2053,2053,true,SIN,Asia Pacific,Singapore,87,7.07
8.219.228.30,8880,8880,false,SIN,Asia Pacific,Singapore,5,7.07
47.91.31.231,2087,2087,true,NRT,Asia Pacific,Tokyo,108,7.07
47.74.13.239,2086,2086,false,NRT,Asia Pacific,Tokyo,93,7.07
47.245.4.22,8443,8443,true,HKG,Asia Pacific,Hong Kong,242,7.07
8.222.152.165,2083,2083,true,SIN,Asia Pacific,Singapore,67,7.06
8.222.208.38,2096,2096,true,SIN,Asia Pacific,Singapore,118,7.06
8.217.167.88,2096,2096,true,HKG,Asia Pacific,Hong Kong,130,7.06
8.222.229.22,8443,8443,true,SIN,Asia Pacific,Singapore,99,7.05
8.219.141.174,2052,2052,false,SIN,Asia Pacific,Singapore,16,7.05
47.74.54.145,8080,8080,false,NRT,Asia Pacific,Tokyo,73,7.05
47.236.148.174,8443,8443,true,SIN,Asia Pacific,Singapore,48,7.05
8.219.196.24,2096,2096,true,SIN,Asia Pacific,Singapore,67,7.05
8.210.250.120,2087,2087,true,HKG,Asia Pacific,Hong Kong,40,7.05
8.219.193.202,2053,2053,true,SIN,Asia Pacific,Singapore,62,7.05
47.245.34.36,2083,2083,true,NRT,Asia Pacific,Tokyo,177,7.05
47.74.52.188,2082,2082,false,NRT,Asia Pacific,Tokyo,79,7.05
47.74.5.150,8080,8080,false,NRT,Asia Pacific,Tokyo,77,7.04
8.219.53.222,2087,2087,true,SIN,Asia Pacific,Singapore,40,7.04
8.218.18.132,8880,8880,false,HKG,Asia Pacific,Hong Kong,64,7.04
47.245.56.50,2087,2087,true,NRT,Asia Pacific,Tokyo,260,7.04
8.217.251.62,8080,8080,false,HKG,Asia Pacific,Hong Kong,41,7.03
8.209.252.13,8443,8443,true,NRT,Asia Pacific,Tokyo,118,7.03
47.245.62.84,2095,2095,false,NRT,Asia Pacific,Tokyo,82,7.03
8.222.223.34,2096,2096,true,SIN,Asia Pacific,Singapore,135,7.03
8.222.229.102,2083,2083,true,SIN,Asia Pacific,Singapore,144,7.03
8.222.154.50,2096,2096,true,SIN,Asia Pacific,Singapore,118,7.03
8.219.222.98,8443,8443,true,SIN,Asia Pacific,Singapore,74,7.03
8.210.55.134,2082,2082,false,HKG,Asia Pacific,Hong Kong,139,7.03
47.74.34.38,2095,2095,false,NRT,Asia Pacific,Tokyo,83,7.02
47.236.114.23,8443,8443,true,SIN,Asia Pacific,Singapore,83,7.02
8.219.51.211,2052,2052,false,SIN,Asia Pacific,Singapore,8,7.02
47.245.59.188,2052,2052,false,NRT,Asia Pacific,Tokyo,80,7.02
47.236.114.167,80,80,false,SIN,Asia Pacific,Singapore,17,7.02
8.219.104.242,2087,2087,true,SIN,Asia Pacific,Singapore,53,7.02
47.74.36.154,2087,2087,true,NRT,Asia Pacific,Tokyo,98,7.01
47.74.13.94,2095,2095,false,NRT,Asia Pacific,Tokyo,87,7.01
8.219.84.102,8443,8443,true,SIN,Asia Pacific,Singapore,70,7.01
47.74.54.33,2082,2082,false,NRT,Asia Pacific,Tokyo,87,7.01
8.222.169.182,80,80,false,SIN,Asia Pacific,Singapore,14,7.01
8.219.249.38,8443,8443,true,SIN,Asia Pacific,Singapore,72,7.01
47.245.55.99,2086,2086,false,NRT,Asia Pacific,Tokyo,89,7.01
47.245.55.99,2095,2095,false,NRT,Asia Pacific,Tokyo,105,7.01
8.219.197.111,2096,2096,true,SIN,Asia Pacific,Singapore,76,7.01
8.209.215.247,8880,8880,false,NRT,Asia Pacific,Tokyo,78,7.01
8.222.213.221,2096,2096,true,SIN,Asia Pacific,Singapore,103,7.01
8.222.249.98,2096,2096,true,SIN,Asia Pacific,Singapore,98,7.00
8.222.153.11,2052,2052,false,SIN,Asia Pacific,Singapore,7,7.00
47.74.26.131,2096,2096,true,NRT,Asia Pacific,Tokyo,103,7.00
47.245.118.197,2053,2053,true,SIN,Asia Pacific,Singapore,73,7.00
8.219.134.117,2083,2083,true,SIN,Asia Pacific,Singapore,48,7.00
47.245.52.165,8080,8080,false,NRT,Asia Pacific,Tokyo,83,7.00
47.245.113.117,8080,8080,false,SIN,Asia Pacific,Singapore,13,7.00
47.236.144.196,2095,2095,false,SIN,Asia Pacific,Singapore,33,6.99
8.219.228.30,2086,2086,false,SIN,Asia Pacific,Singapore,49,6.99
8.222.254.91,8880,8880,false,SIN,Asia Pacific,Singapore,8,6.98
8.219.140.63,443,443,true,SIN,Asia Pacific,Singapore,82,6.98
47.91.31.235,2052,2052,false,NRT,Asia Pacific,Tokyo,80,6.98
8.222.193.65,2095,2095,false,SIN,Asia Pacific,Singapore,5,6.98
8.219.170.58,2095,2095,false,SIN,Asia Pacific,Singapore,17,6.98
8.219.156.148,2095,2095,false,SIN,Asia Pacific,Singapore,27,6.98
8.222.137.166,2095,2095,false,SIN,Asia Pacific,Singapore,90,6.98
8.219.170.58,8443,8443,true,SIN,Asia Pacific,Singapore,36,6.98
47.74.4.179,2052,2052,false,NRT,Asia Pacific,Tokyo,71,6.98
8.219.151.193,2053,2053,true,SIN,Asia Pacific,Singapore,83,6.98
8.222.219.34,2053,2053,true,SIN,Asia Pacific,Singapore,89,6.97
47.245.113.117,2096,2096,true,SIN,Asia Pacific,Singapore,59,6.97
47.245.89.102,2087,2087,true,SIN,Asia Pacific,Singapore,207,6.97
47.74.35.127,2083,2083,true,NRT,Asia Pacific,Tokyo,103,6.97
47.245.57.109,2096,2096,true,NRT,Asia Pacific,Tokyo,125,6.96
8.219.82.177,2096,2096,true,SIN,Asia Pacific,Singapore,60,6.96
47.245.37.89,2086,2086,false,NRT,Asia Pacific,Tokyo,87,6.96
8.219.101.72,2086,2086,false,SIN,Asia Pacific,Singapore,12,6.96
47.74.22.243,8443,8443,true,NRT,Asia Pacific,Tokyo,217,6.96
47.74.4.47,8080,8080,false,NRT,Asia Pacific,Tokyo,82,6.96
47.245.42.162,2096,2096,true,NRT,Asia Pacific,Tokyo,180,6.95
47.242.54.157,2083,2083,true,HKG,Asia Pacific,Hong Kong,137,6.95
8.219.193.202,2087,2087,true,SIN,Asia Pacific,Singapore,157,6.95
8.222.168.24,2082,2082,false,SIN,Asia Pacific,Singapore,29,6.95
47.91.14.62,2053,0,true,NRT,Asia Pacific,Tokyo,89,6.95
8.209.241.128,2083,2083,true,NRT,Asia Pacific,Tokyo,147,6.95
8.222.144.219,2086,2086,false,SIN,Asia Pacific,Singapore,13,6.95
47.245.32.215,2086,2086,false,NRT,Asia Pacific,Tokyo,78,6.95
47.245.86.230,2086,2086,false,SIN,Asia Pacific,Singapore,5,6.95
47.245.11.62,2052,2052,false,NRT,Asia Pacific,Tokyo,82,6.95
8.219.157.97,80,80,false,SIN,Asia Pacific,Singapore,5,6.94
8.219.208.69,2096,2096,true,SIN,Asia Pacific,Singapore,158,6.94
47.74.41.88,80,80,false,HKG,Asia Pacific,Hong Kong,168,6.94
47.76.80.72,2083,2083,true,HKG,Asia Pacific,Hong Kong,96,6.93
8.222.187.107,2082,2082,false,SIN,Asia Pacific,Singapore,24,6.93
47.245.59.243,2096,2096,true,NRT,Asia Pacific,Tokyo,134,6.93
8.222.155.242,8880,8880,false,SIN,Asia Pacific,Singapore,45,6.93
47.236.144.156,2052,2052,false,SIN,Asia Pacific,Singapore,41,6.93
8.222.224.162,8880,8880,false,SIN,Asia Pacific,Singapore,13,6.93
47.245.59.133,2052,2052,false,NRT,Asia Pacific,Tokyo,90,6.93
8.222.214.13,2086,2086,false,SIN,Asia Pacific,Singapore,13,6.93
47.74.15.80,2096,2096,true,NRT,Asia Pacific,Tokyo,134,6.93
47.74.4.47,8443,8443,true,NRT,Asia Pacific,Tokyo,256,6.92
8.210.151.69,80,80,false,HKG,Asia Pacific,Hong Kong,83,6.92
8.219.196.24,2082,2082,false,SIN,Asia Pacific,Singapore,10,6.92
8.219.142.229,2087,2087,true,SIN,Asia Pacific,Singapore,41,6.92
8.219.253.18,8443,8443,true,SIN,Asia Pacific,Singapore,116,6.92
8.222.237.131,2096,2096,true,SIN,Asia Pacific,Singapore,128,6.92
8.222.221.90,2096,2096,true,SIN,Asia Pacific,Singapore,69,6.92
8.222.254.91,2082,2082,false,SIN,Asia Pacific,Singapore,12,6.92
8.210.119.11,2053,2053,true,HKG,Asia Pacific,Hong Kong,60,6.91
8.209.222.31,2096,2096,true,NRT,Asia Pacific,Tokyo,80,6.91
47.245.59.133,8443,8443,true,NRT,Asia Pacific,Tokyo,110,6.91
47.74.54.145,8880,8880,false,NRT,Asia Pacific,Tokyo,73,6.91
8.217.250.222,8080,8080,false,HKG,Asia Pacific,Hong Kong,85,6.90
8.222.223.34,8443,8443,true,SIN,Asia Pacific,Singapore,30,6.90
8.219.12.152,2052,2052,false,SIN,Asia Pacific,Singapore,10,6.90
8.218.52.115,2053,2053,true,HKG,Asia Pacific,Hong Kong,56,6.90
47.74.40.13,80,80,false,NRT,Asia Pacific,Tokyo,80,6.90
8.219.12.152,2052,2052,false,SIN,Asia Pacific,Singapore,5,6.90
8.219.170.223,443,443,true,SIN,Asia Pacific,Singapore,115,6.90
47.245.40.161,8880,8880,false,NRT,Asia Pacific,Tokyo,77,6.90
8.222.208.38,2087,2087,true,SIN,Asia Pacific,Singapore,147,6.90
8.222.236.229,2082,2082,false,SIN,Asia Pacific,Singapore,23,6.90
8.222.223.34,80,80,false,SIN,Asia Pacific,Singapore,12,6.89
8.219.178.9,2082,2082,false,SIN,Asia Pacific,Singapore,6,6.89
47.243.70.197,8443,8443,true,HKG,Asia Pacific,Hong Kong,92,6.89
8.219.12.152,2082,2082,false,SIN,Asia Pacific,Singapore,54,6.89
47.74.13.94,2083,2083,true,NRT,Asia Pacific,Tokyo,205,6.89
8.222.223.34,2053,2053,true,SIN,Asia Pacific,Singapore,67,6.89
8.219.253.18,2083,2083,true,SIN,Asia Pacific,Singapore,101,6.89
47.245.57.38,2052,2052,false,HKG,Asia Pacific,Hong Kong,198,6.88
47.245.55.94,8443,8443,true,NRT,Asia Pacific,Tokyo,143,6.88
8.219.199.220,8443,8443,true,SIN,Asia Pacific,Singapore,113,6.88
47.74.5.99,2052,2052,false,NRT,Asia Pacific,Tokyo,80,6.87
47.74.12.139,8080,8080,false,NRT,Asia Pacific,Tokyo,80,6.87
47.74.3.2,8880,8880,false,NRT,Asia Pacific,Tokyo,85,6.87
47.74.6.16,2095,2095,false,NRT,Asia Pacific,Tokyo,80,6.87
8.219.197.111,8443,8443,true,SIN,Asia Pacific,Singapore,91,6.87
8.222.145.164,2087,2087,true,SIN,Asia Pacific,Singapore,67,6.87
8.219.61.52,8443,8443,true,SIN,Asia Pacific,Singapore,26,6.87
47.74.16.67,2086,2086,false,NRT,Asia Pacific,Tokyo,77,6.87
8.219.58.64,2082,2082,false,SIN,Asia Pacific,Singapore,4,6.87
8.219.156.148,2082,2082,false,SIN,Asia Pacific,Singapore,17,6.86
47.245.33.158,2082,2082,false,NRT,Asia Pacific,Tokyo,90,6.86
8.222.221.109,2087,2087,true,SIN,Asia Pacific,Singapore,109,6.86
8.219.140.229,2087,2087,true,SIN,Asia Pacific,Singapore,149,6.86
47.245.33.56,2052,2052,false,NRT,Asia Pacific,Tokyo,75,6.86
8.210.55.134,2087,2087,true,HKG,Asia Pacific,Hong Kong,81,6.86
47.242.174.27,80,80,false,HKG,Asia Pacific,Hong Kong,39,6.86
8.219.208.69,2053,2053,true,SIN,Asia Pacific,Singapore,17,6.86
8.219.173.195,2086,2086,false,SIN,Asia Pacific,Singapore,23,6.86
8.210.119.11,2083,2083,true,HKG,Asia Pacific,Hong Kong,41,6.86
8.219.179.34,443,443,true,SIN,Asia Pacific,Singapore,54,6.85
47.74.26.132,2052,2052,false,NRT,Asia Pacific,Tokyo,92,6.85
47.76.80.72,2052,2052,false,HKG,Asia Pacific,Hong Kong,34,6.85
47.245.37.94,8080,8080,false,NRT,Asia Pacific,Tokyo,82,6.85
8.210.3.24,2083,2083,true,HKG,Asia Pacific,Hong Kong,40,6.85
47.74.13.94,2082,2082,false,NRT,Asia Pacific,Tokyo,81,6.85
8.222.154.50,2082,2082,false,SIN,Asia Pacific,Singapore,51,6.85
47.74.27.211,8080,8080,false,NRT,Asia Pacific,Tokyo,80,6.85
8.219.5.10,2086,2086,false,SIN,Asia Pacific,Singapore,28,6.84
47.74.10.135,2086,2086,false,NRT,Asia Pacific,Tokyo,86,6.84
8.222.180.242,80,80,false,SIN,Asia Pacific,Singapore,154,6.84
8.222.129.32,2082,2082,false,SIN,Asia Pacific,Singapore,16,6.84
47.245.11.62,8443,8443,true,NRT,Asia Pacific,Tokyo,160,6.84
8.222.147.203,2052,2052,false,SIN,Asia Pacific,Singapore,20,6.84
8.222.187.4,2087,2087,true,SIN,Asia Pacific,Singapore,60,6.83
47.245.118.197,2082,2082,false,SIN,Asia Pacific,Singapore,13,6.83
47.245.59.244,2083,2083,true,NRT,Asia Pacific,Tokyo,135,6.83
47.245.37.12,2053,2053,true,NRT,Asia Pacific,Tokyo,159,6.83
8.222.128.131,443,443,true,SIN,Asia Pacific,Singapore,53,6.83
8.219.5.10,2087,2087,true,SIN,Asia Pacific,Singapore,58,6.83
8.222.159.252,2087,2087,true,SIN,Asia Pacific,Singapore,61,6.83
47.74.5.233,8443,8443,true,NRT,Asia Pacific,Tokyo,161,6.83
47.245.39.28,2082,2082,false,NRT,Asia Pacific,Tokyo,84,6.82
47.91.16.214,8080,8080,false,NRT,Asia Pacific,Tokyo,73,6.82
47.236.144.196,2052,2052,false,SIN,Asia Pacific,Singapore,23,6.82
8.219.6.157,443,443,true,SIN,Asia Pacific,Singapore,44,6.82
47.236.5.223,2053,2053,true,SIN,Asia Pacific,Singapore,73,6.82
47.245.56.121,2082,2082,false,NRT,Asia Pacific,Tokyo,74,6.82
47.242.17.250,2095,2095,false,HKG,Asia Pacific,Hong Kong,43,6.82
47.74.37.50,2053,2053,true,NRT,Asia Pacific,Tokyo,97,6.82
8.219.110.88,2096,2096,true,SIN,Asia Pacific,Singapore,61,6.82
8.219.13.143,80,80,false,SIN,Asia Pacific,Singapore,6,6.82
47.236.104.11,2082,2082,false,SIN,Asia Pacific,Singapore,27,6.81
47.243.70.197,443,443,true,HKG,Asia Pacific,Hong Kong,89,6.81
47.74.8.238,8880,8880,false,NRT,Asia Pacific,Tokyo,82,6.81
8.222.174.108,80,80,false,SIN,Asia Pacific,Singapore,54,6.81
8.219.213.84,2083,2083,true,SIN,Asia Pacific,Singapore,135,6.81
8.222.255.15,2083,2083,true,SIN,Asia Pacific,Singapore,60,6.81
8.222.215.228,2053,2053,true,SIN,Asia Pacific,Singapore,144,6.81
8.222.223.34,2053,2053,true,SIN,Asia Pacific,Singapore,93,6.81
47.245.40.161,2053,2053,true,NRT,Asia Pacific,Tokyo,147,6.81
8.219.124.227,2095,2095,false,SIN,Asia Pacific,Singapore,9,6.81
47.91.16.214,2087,2087,true,NRT,Asia Pacific,Tokyo,103,6.81
47.74.37.50,8443,8443,true,NRT,Asia Pacific,Tokyo,78,6.80
8.222.164.44,2082,2082,false,SIN,Asia Pacific,Singapore,13,6.80
47.236.144.208,2083,2083,true,SIN,Asia Pacific,Singapore,76,6.80
8.219.200.145,2082,2082,false,SIN,Asia Pacific,Singapore,16,6.80
47.245.54.197,2053,2053,true,NRT,Asia Pacific,Tokyo,295,6.80
47.74.32.25,2095,2095,false,NRT,Asia Pacific,Tokyo,79,6.80
8.219.201.245,2053,2053,true,SIN,Asia Pacific,Singapore,117,6.80
47.74.27.211,2095,2095,false,NRT,Asia Pacific,Tokyo,73,6.79
8.219.84.102,2095,2095,false,SIN,Asia Pacific,Singapore,4,6.79
8.219.142.229,2096,2096,true,SIN,Asia Pacific,Singapore,51,6.79
8.210.101.157,8080,8080,false,HKG,Asia Pacific,Hong Kong,38,6.79
8.222.144.117,8080,8080,false,SIN,Asia Pacific,Singapore,22,6.79
8.209.243.137,8443,8443,true,NRT,Asia Pacific,Tokyo,90,6.79
8.219.152.195,8443,8443,true,SIN,Asia Pacific,Singapore,90,6.79
47.236.4.129,2052,2052,false,SIN,Asia Pacific,Singapore,28,6.79
8.219.56.205,8880,8880,false,SIN,Asia Pacific,Singapore,6,6.79
47.74.34.162,2052,2052,false,NRT,Asia Pacific,Tokyo,70,6.79
47.236.104.11,2095,2095,false,SIN,Asia Pacific,Singapore,31,6.78
8.210.65.1,2087,2087,true,HKG,Asia Pacific,Hong Kong,74,6.78
8.219.248.170,80,80,false,SIN,Asia Pacific,Singapore,4,6.78
47.236.104.11,2053,2053,true,SIN,Asia Pacific,Singapore,75,6.78
47.76.77.103,2083,2083,true,HKG,Asia Pacific,Hong Kong,44,6.78
47.74.39.194,80,80,false,NRT,Asia Pacific,Tokyo,79,6.78
8.218.11.90,2096,2096,true,HKG,Asia Pacific,Hong Kong,42,6.77
8.210.245.224,2083,2083,true,HKG,Asia Pacific,Hong Kong,94,6.77
47.236.7.13,8443,8443,true,SIN,Asia Pacific,Singapore,89,6.77
8.219.134.117,2053,2053,true,SIN,Asia Pacific,Singapore,64,6.77
8.222.236.229,2052,2052,false,SIN,Asia Pacific,Singapore,14,6.77
8.219.238.145,2095,2095,false,SIN,Asia Pacific,Singapore,10,6.77
47.74.11.219,2095,2095,false,NRT,Asia Pacific,Tokyo,94,6.77
47.236.11.84,443,443,true,SIN,Asia Pacific,Singapore,58,6.76
47.245.15.39,2087,2087,true,NRT,Asia Pacific,Tokyo,260,6.76
8.222.136.196,2096,2096,true,SIN,Asia Pacific,Singapore,104,6.76
47.74.42.17,8880,8880,false,NRT,Asia Pacific,Tokyo,76,6.76
47.74.22.171,8080,8080,false,NRT,Asia Pacific,Tokyo,79,6.76
8.222.131.102,8080,8080,false,SIN,Asia Pacific,Singapore,26,6.76
47.242.174.27,8880,8880,false,HKG,Asia Pacific,Hong Kong,108,6.76
8.219.198.34,2053,2053,true,SIN,Asia Pacific,Singapore,60,6.76
47.245.56.121,2095,2095,false,NRT,Asia Pacific,Tokyo,78,6.76
8.219.3.53,2096,2096,true,SIN,Asia Pacific,Singapore,57,6.76
47.245.52.153,2083,2083,true,NRT,Asia Pacific,Tokyo,188,6.76
47.245.37.29,2082,2082,false,NRT,Asia Pacific,Tokyo,81,6.75
8.222.137.192,2096,2096,true,SIN,Asia Pacific,Singapore,73,6.75
47.245.40.55,2053,2053,true,HKG,Asia Pacific,Hong Kong,216,6.75
47.74.32.25,8080,8080,false,NRT,Asia Pacific,Tokyo,96,6.75
47.74.5.233,8880,8880,false,NRT,Asia Pacific,Tokyo,76,6.74
8.219.124.227,2086,2086,false,SIN,Asia Pacific,Singapore,3,6.74
8.222.255.15,2096,2096,true,SIN,Asia Pacific,Singapore,97,6.74
8.219.161.129,2082,2082,false,SIN,Asia Pacific,Singapore,12,6.74
47.74.15.120,80,80,false,NRT,Asia Pacific,Tokyo,83,6.74
47.236.130.95,8443,8443,true,SIN,Asia Pacific,Singapore,71,6.74
47.245.14.216,2052,2052,false,NRT,Asia Pacific,Tokyo,78,6.74
47.74.5.99,8080,8080,false,NRT,Asia Pacific,Tokyo,79,6.73
8.222.236.229,2095,2095,false,SIN,Asia Pacific,Singapore,15,6.73
47.245.55.94,2087,2087,true,NRT,Asia Pacific,Tokyo,268,6.73
47.245.30.65,2053,2053,true,NRT,Asia Pacific,Tokyo,209,6.73
47.74.6.16,8080,8080,false,NRT,Asia Pacific,Tokyo,91,6.73
47.236.117.48,2096,2096,true,SIN,Asia Pacific,Singapore,108,6.73
47.91.18.207,2095,2095,false,NRT,Asia Pacific,Tokyo,73,6.73
8.219.134.117,8880,8880,false,SIN,Asia Pacific,Singapore,45,6.72
8.219.178.9,8880,8880,false,SIN,Asia Pacific,Singapore,18,6.72
47.74.12.139,2082,2082,false,NRT,Asia Pacific,Tokyo,75,6.72
47.74.34.162,2096,2096,true,NRT,Asia Pacific,Tokyo,137,6.72
47.74.26.196,2082,2082,false,HKG,Asia Pacific,Hong Kong,169,6.72
8.209.248.161,80,80,false,NRT,Asia Pacific,Tokyo,89,6.72
8.222.248.188,8080,8080,false,SIN,Asia Pacific,Singapore,17,6.72
47.245.58.250,80,80,false,NRT,Asia Pacific,Tokyo,73,6.72
8.219.186.189,2082,2082,false,SIN,Asia Pacific,Singapore,9,6.72
8.210.55.134,8443,8443,true,HKG,Asia Pacific,Hong Kong,129,6.72
8.219.82.35,8080,8080,false,SIN,Asia Pacific,Singapore,3,6.72
8.219.58.64,2083,2083,true,SIN,Asia Pacific,Singapore,44,6.72
47.245.33.56,2086,2086,false,NRT,Asia Pacific,Tokyo,77,6.71
47.245.34.140,80,80,false,NRT,Asia Pacific,Tokyo,76,6.71
8.210.156.6,2083,2083,true,HKG,Asia Pacific,Hong Kong,141,6.71
8.219.141.174,443,443,true,SIN,Asia Pacific,Singapore,61,6.71
8.222.180.86,2082,2082,false,SIN,Asia Pacific,Singapore,514,6.71
8.219.238.145,2096,2096,true,SIN,Asia Pacific,Singapore,121,6.71
47.91.16.198,8880,8880,false,NRT,Asia Pacific,Tokyo,111,6.70
47.245.58.250,8880,8880,false,NRT,Asia Pacific,Tokyo,109,6.70
8.219.222.98,8880,8880,false,SIN,Asia Pacific,Singapore,36,6.69
8.219.141.174,443,443,true,SIN,Asia Pacific,Singapore,68,6.69
8.219.154.107,2096,2096,true,SIN,Asia Pacific,Singapore,120,6.69
47.245.118.197,8443,8443,true,SIN,Asia Pacific,Singapore,56,6.69
47.245.118.70,8443,8443,true,SIN,Asia Pacific,Singapore,71,6.69
8.219.198.139,2087,2087,true,SIN,Asia Pacific,Singapore,97,6.69
8.219.213.133,2087,2087,true,SIN,Asia Pacific,Singapore,83,6.69
47.74.15.117,8880,8880,false,NRT,Asia Pacific,Tokyo,86,6.68
47.245.113.12,2095,2095,false,SIN,Asia Pacific,Singapore,20,6.68
47.74.26.132,8080,8080,false,NRT,Asia Pacific,Tokyo,108,6.68
8.219.208.69,2083,2083,true,SIN,Asia Pacific,Singapore,142,6.68
47.91.23.108,2087,0,true,NRT,Asia Pacific,Tokyo,111,6.67
8.219.241.189,2087,2087,true,SIN,Asia Pacific,Singapore,129,6.67
8.219.42.72,80,80,false,SIN,Asia Pacific,Singapore,4,6.67
8.218.11.90,2082,2082,false,HKG,Asia Pacific,Hong Kong,37,6.67
47.236.145.180,2096,2096,true,SIN,Asia Pacific,Singapore,132,6.67
47.91.28.27,2096,2096,true,NRT,Asia Pacific,Tokyo,79,6.66
8.219.174.142,8080,8080,false,SIN,Asia Pacific,Singapore,6,6.66
8.222.224.163,80,80,false,SIN,Asia Pacific,Singapore,5,6.66
8.219.53.222,2083,2083,true,SIN,Asia Pacific,Singapore,52,6.66
8.219.200.145,2096,2096,true,SIN,Asia Pacific,Singapore,78,6.66
47.91.17.102,2087,2087,true,NRT,Asia Pacific,Tokyo,98,6.66
8.219.53.222,2083,2083,true,SIN,Asia Pacific,Singapore,18,6.66
8.222.169.182,2053,2053,true,SIN,Asia Pacific,Singapore,115,6.66
47.245.42.210,2082,2082,false,NRT,Asia Pacific,Tokyo,86,6.66
8.219.92.89,80,80,false,SIN,Asia Pacific,Singapore,8,6.66
47.245.37.37,2086,2086,false,NRT,Asia Pacific,Tokyo,76,6.66
8.219.251.81,2053,2053,true,SIN,Asia Pacific,Singapore,45,6.65
8.222.182.10,8080,8080,false,SIN,Asia Pacific,Singapore,26,6.65
8.217.85.14,2082,2082,false,HKG,Asia Pacific,Hong Kong,46,6.65
8.219.172.128,2087,2087,true,SIN,Asia Pacific,Singapore,189,6.65
8.209.222.31,2087,2087,true,NRT,Asia Pacific,Tokyo,132,6.65
8.219.58.64,2086,2086,false,SIN,Asia Pacific,Singapore,4,6.65
47.236.65.177,8080,8080,false,SIN,Asia Pacific,Singapore,27,6.65
8.222.209.223,2096,2096,true,SIN,Asia Pacific,Singapore,46,6.65
8.222.249.98,2053,2053,true,SIN,Asia Pacific,Singapore,56,6.64
8.222.252.150,2082,2082,false,SIN,Asia Pacific,Singapore,13,6.64
8.219.159.232,8443,8443,true,SIN,Asia Pacific,Singapore,85,6.64
8.219.142.229,2096,2096,true,SIN,Asia Pacific,Singapore,38,6.64
47.245.59.133,2083,2083,true,NRT,Asia Pacific,Tokyo,298,6.64
8.209.214.222,8443,8443,true,NRT,Asia Pacific,Tokyo,105,6.64
47.74.18.121,8080,8080,false,NRT,Asia Pacific,Tokyo,112,6.64
8.219.111.175,443,443,true,SIN,Asia Pacific,Singapore,99,6.63
8.218.156.91,2087,2087,true,HKG,Asia Pacific,Hong Kong,44,6.63
47.245.34.36,2095,2095,false,NRT,Asia Pacific,Tokyo,87,6.63
8.222.224.17,2082,2082,false,SIN,Asia Pacific,Singapore,22,6.63
47.245.37.12,80,80,false,NRT,Asia Pacific,Tokyo,90,6.63
8.219.103.65,2053,2053,true,SIN,Asia Pacific,Singapore,142,6.62
47.91.29.174,8443,8443,true,NRT,Asia Pacific,Tokyo,94,6.62
8.222.152.165,2053,2053,true,SIN,Asia Pacific,Singapore,77,6.62
47.91.16.214,8880,8880,false,NRT,Asia Pacific,Tokyo,73,6.61
47.245.54.140,80,80,false,NRT,Asia Pacific,Tokyo,78,6.61
47.74.34.135,2083,2083,true,NRT,Asia Pacific,Tokyo,100,6.61
47.74.39.194,2082,2082,false,NRT,Asia Pacific,Tokyo,80,6.61
47.236.150.109,2096,2096,true,SIN,Asia Pacific,Singapore,89,6.60
47.245.30.208,8443,8443,true,NRT,Asia Pacific,Tokyo,157,6.60
47.74.9.174,2052,2052,false,NRT,Asia Pacific,Tokyo,99,6.60
8.222.209.223,2083,2083,true,SIN,Asia Pacific,Singapore,63,6.60
8.218.48.92,2083,2083,true,HKG,Asia Pacific,Hong Kong,110,6.60
47.245.6.9,2052,2052,false,HKG,Asia Pacific,Hong Kong,161,6.60
47.74.43.95,2052,2052,false,NRT,Asia Pacific,Tokyo,70,6.60
47.74.26.132,80,80,false,NRT,Asia Pacific,Tokyo,75,6.60
8.219.99.8,2086,2086,false,SIN,Asia Pacific,Singapore,5,6.60
47.74.15.80,8443,8443,true,NRT,Asia Pacific,Tokyo,148,6.60
8.222.152.165,2083,2083,true,SIN,Asia Pacific,Singapore,191,6.60
8.219.210.93,2083,2083,true,SIN,Asia Pacific,Singapore,53,6.59
47.236.144.196,80,80,false,SIN,Asia Pacific,Singapore,32,6.59
47.236.104.11,2087,2087,true,SIN,Asia Pacific,Singapore,78,6.59
47.242.171.94,2052,2052,false,HKG,Asia Pacific,Hong Kong,86,6.59
8.219.201.174,2086,2086,false,SIN,Asia Pacific,Singapore,17,6.59
8.218.8.142,80,80,false,HKG,Asia Pacific,Hong Kong,40,6.59
8.222.211.16,8080,8080,false,SIN,Asia Pacific,Singapore,6,6.59
47.74.23.99,2086,2086,false,NRT,Asia Pacific,Tokyo,82,6.59
47.245.86.230,2087,2087,true,SIN,Asia Pacific,Singapore,128,6.58
8.222.187.107,2082,2082,false,SIN,Asia Pacific,Singapore,27,6.58
47.74.27.211,2096,2096,true,NRT,Asia Pacific,Tokyo,163,6.58
47.236.87.206,8880,8880,false,SIN,Asia Pacific,Singapore,25,6.58
8.210.55.134,2053,2053,true,HKG,Asia Pacific,Hong Kong,116,6.58
8.219.0.162,8880,8880,false,SIN,Asia Pacific,Singapore,12,6.58
8.222.140.185,2052,2052,false,SIN,Asia Pacific,Singapore,24,6.57
8.219.206.53,2082,2082,false,SIN,Asia Pacific,Singapore,10,6.57
8.209.214.222,2096,2096,true,NRT,Asia Pacific,Tokyo,105,6.57
47.245.41.69,8443,8443,true,NRT,Asia Pacific,Tokyo,241,6.57
8.219.60.68,2086,2086,false,SIN,Asia Pacific,Singapore,4,6.57
47.91.22.115,80,80,false,NRT,Asia Pacific,Tokyo,91,6.57
8.219.72.51,2087,2087,true,SIN,Asia Pacific,Singapore,71,6.56
47.242.174.27,8443,8443,true,HKG,Asia Pacific,Hong Kong,37,6.56
47.245.118.197,2052,2052,false,SIN,Asia Pacific,Singapore,38,6.56
8.219.6.157,8880,8880,false,SIN,Asia Pacific,Singapore,5,6.56
8.219.170.180,8443,8443,true,SIN,Asia Pacific,Singapore,105,6.56
47.245.57.38,2052,2052,false,HKG,Asia Pacific,Hong Kong,166,6.56
47.245.38.233,2082,2082,false,NRT,Asia Pacific,Tokyo,84,6.55
8.219.3.53,2096,2096,true,SIN,Asia Pacific,Singapore,58,6.55
8.210.151.69,2087,2087,true,HKG,Asia Pacific,Hong Kong,134,6.55
47.243.86.79,2083,2083,true,HKG,Asia Pacific,Hong Kong,52,6.54
8.209.222.232,8080,8080,false,HKG,Asia Pacific,Hong Kong,157,6.54
8.219.172.128,8880,8880,false,SIN,Asia Pacific,Singapore,7,6.54
47.243.42.219,2053,2053,true,HKG,Asia Pacific,Hong Kong,69,6.54
8.222.229.102,8443,8443,true,SIN,Asia Pacific,Singapore,83,6.54
8.222.208.83,2083,2083,true,SIN,Asia Pacific,Singapore,60,6.54
47.243.42.219,2083,2083,true,HKG,Asia Pacific,Hong Kong,104,6.54
47.91.21.107,2082,2082,false,NRT,Asia Pacific,Tokyo,95,6.53
8.219.196.24,8443,8443,true,SIN,Asia Pacific,Singapore,58,6.53
8.219.51.211,2096,2096,true,SIN,Asia Pacific,Singapore,66,6.53
8.219.103.57,2096,2096,true,SIN,Asia Pacific,Singapore,49,6.53
8.219.140.63,2083,2083,true,SIN,Asia Pacific,Singapore,105,6.53
47.74.34.162,2086,2086,false,NRT,Asia Pacific,Tokyo,85,6.53
8.219.208.69,8080,8080,false,SIN,Asia Pacific,Singapore,9,6.53
47.245.53.101,2083,2083,true,NRT,Asia Pacific,Tokyo,119,6.53
8.219.42.72,8880,8880,false,SIN,Asia Pacific,Singapore,4,6.53
47.74.18.121,8443,8443,true,NRT,Asia Pacific,Tokyo,161,6.53
8.219.67.133,8880,8880,false,SIN,Asia Pacific,Singapore,19,6.53
47.236.94.113,2087,2087,true,SIN,Asia Pacific,Singapore,169,6.52
47.74.13.239,2053,2053,true,NRT,Asia Pacific,Tokyo,129,6.52
47.74.26.132,2082,2082,false,NRT,Asia Pacific,Tokyo,85,6.52
8.219.140.63,2052,2052,false,SIN,Asia Pacific,Singapore,5,6.52
8.219.4.122,2095,2095,false,SIN,Asia Pacific,Singapore,11,6.52
47.245.9.228,8880,8880,false,NRT,Asia Pacific,Tokyo,77,6.52
47.74.15.117,2095,2095,false,NRT,Asia Pacific,Tokyo,73,6.51
8.222.215.228,2087,2087,true,SIN,Asia Pacific,Singapore,46,6.51
8.222.214.13,2082,2082,false,SIN,Asia Pacific,Singapore,26,6.51
8.222.226.15,2083,2083,true,SIN,Asia Pacific,Singapore,89,6.51
47.74.15.80,2086,2086,false,NRT,Asia Pacific,Tokyo,93,6.51
8.219.248.47,2095,2095,false,SIN,Asia Pacific,Singapore,17,6.51
8.209.241.128,8443,8443,true,NRT,Asia Pacific,Tokyo,127,6.50
47.243.161.235,2053,2053,true,HKG,Asia Pacific,Hong Kong,78,6.50
47.91.23.108,2082,2082,false,NRT,Asia Pacific,Tokyo,89,6.50
47.91.18.207,8443,8443,true,NRT,Asia Pacific,Tokyo,101,6.50
47.243.42.219,8443,8443,true,HKG,Asia Pacific,Hong Kong,50,6.50
8.219.213.84,2086,2086,false,SIN,Asia Pacific,Singapore,12,6.50
8.222.150.197,2096,2096,true,SIN,Asia Pacific,Singapore,144,6.50
8.210.192.93,8080,8080,false,HKG,Asia Pacific,Hong Kong,50,6.49
8.222.164.44,2053,2053,true,SIN,Asia Pacific,Singapore,105,6.49
8.209.243.137,8880,8880,false,NRT,Asia Pacific,Tokyo,82,6.49
47.74.27.94,2083,2083,true,NRT,Asia Pacific,Tokyo,215,6.49
8.222.221.197,2096,2096,true,SIN,Asia Pacific,Singapore,102,6.49
8.219.174.213,2095,2095,false,SIN,Asia Pacific,Singapore,124,6.49
8.219.222.98,2053,2053,true,SIN,Asia Pacific,Singapore,100,6.49
47.74.12.139,2087,2087,true,NRT,Asia Pacific,Tokyo,273,6.48
8.222.175.6,443,443,true,SIN,Asia Pacific,Singapore,154,6.48
8.217.85.14,2083,2083,true,HKG,Asia Pacific,Hong Kong,129,6.48
47.74.50.249,2082,2082,false,NRT,Asia Pacific,Tokyo,82,6.48
8.222.244.123,8880,8880,false,SIN,Asia Pacific,Singapore,20,6.48
47.245.55.235,2087,2087,true,NRT,Asia Pacific,Tokyo,154,6.48
8.222.180.242,2052,2052,false,SIN,Asia Pacific,Singapore,26,6.48
8.219.60.68,2095,2095,false,SIN,Asia Pacific,Singapore,2,6.48
8.219.141.174,8080,8080,false,SIN,Asia Pacific,Singapore,6,6.47
8.219.173.239,2083,2083,true,SIN,Asia Pacific,Singapore,95,6.47
8.210.245.224,8080,8080,false,HKG,Asia Pacific,Hong Kong,81,6.47
47.74.11.9,8080,8080,false,NRT,Asia Pacific,Tokyo,92,6.47
47.236.145.85,2087,2087,true,SIN,Asia Pacific,Singapore,124,6.47
8.219.60.68,2052,2052,false,SIN,Asia Pacific,Singapore,3,6.47
47.74.26.132,2086,2086,false,NRT,Asia Pacific,Tokyo,80,6.47
8.219.99.8,8443,8443,true,SIN,Asia Pacific,Singapore,39,6.47
8.209.240.229,2052,2052,false,NRT,Asia Pacific,Tokyo,105,6.46
47.74.50.249,80,80,false,NRT,Asia Pacific,Tokyo,81,6.46
47.74.22.171,8443,8443,true,NRT,Asia Pacific,Tokyo,116,6.45
8.222.145.110,8880,8880,false,SIN,Asia Pacific,Singapore,142,6.45
8.219.170.58,2052,2052,false,SIN,Asia Pacific,Singapore,19,6.45
8.219.179.34,2083,2083,true,SIN,Asia Pacific,Singapore,46,6.45
8.219.238.145,8880,8880,false,SIN,Asia Pacific,Singapore,12,6.45
8.222.222.64,8080,8080,false,SIN,Asia Pacific,Singapore,18,6.45
47.74.15.117,2095,2095,false,NRT,Asia Pacific,Tokyo,83,6.44
8.219.201.8,8880,8880,false,SIN,Asia Pacific,Singapore,8,6.44
8.222.193.208,2087,2087,true,SIN,Asia Pacific,Singapore,142,6.44
8.222.249.190,2096,2096,true,SIN,Asia Pacific,Singapore,99,6.44
8.210.65.1,8080,8080,false,HKG,Asia Pacific,Hong Kong,90,6.44
47.245.54.197,8880,8880,false,NRT,Asia Pacific,Tokyo,80,6.44
8.217.91.121,2082,2082,false,HKG,Asia Pacific,Hong Kong,112,6.44
8.222.224.162,2083,2083,true,SIN,Asia Pacific,Singapore,136,6.44
47.236.114.167,2086,2086,false,SIN,Asia Pacific,Singapore,24,6.44
8.219.58.64,2082,2082,false,SIN,Asia Pacific,Singapore,6,6.44
47.91.31.231,2096,2096,true,NRT,Asia Pacific,Tokyo,96,6.44
8.222.212.219,2096,2096,true,SIN,Asia Pacific,Singapore,102,6.44
47.74.45.143,2082,2082,false,NRT,Asia Pacific,Tokyo,70,6.43
8.219.185.191,2087,2087,true,SIN,Asia Pacific,Singapore,72,6.43
47.74.27.94,8443,8443,true,NRT,Asia Pacific,Tokyo,153,6.43
8.219.12.152,443,443,true,SIN,Asia Pacific,Singapore,88,6.43
47.74.16.67,8880,8880,false,NRT,Asia Pacific,Tokyo,83,6.42
47.74.54.145,2052,2052,false,NRT,Asia Pacific,Tokyo,92,6.42
8.219.12.152,2087,2087,true,SIN,Asia Pacific,Singapore,60,6.42
47.74.32.25,2052,2052,false,NRT,Asia Pacific,Tokyo,98,6.42
8.219.126.240,2052,2052,false,SIN,Asia Pacific,Singapore,7,6.41
47.74.41.88,80,80,false,HKG,Asia Pacific,Hong Kong,162,6.41
47.76.33.40,2052,2052,false,HKG,Asia Pacific,Hong Kong,41,6.41
47.74.7.214,2083,2083,true,NRT,Asia Pacific,Tokyo,175,6.41
47.74.11.251,8443,8443,true,NRT,Asia Pacific,Tokyo,80,6.41
8.210.146.108,2087,2087,true,HKG,Asia Pacific,Hong Kong,41,6.41
8.222.140.185,2095,2095,false,SIN,Asia Pacific,Singapore,54,6.41
47.74.34.135,2053,2053,true,NRT,Asia Pacific,Tokyo,95,6.41
8.219.238.145,2053,2053,true,SIN,Asia Pacific,Singapore,163,6.41
8.209.241.128,2087,2087,true,NRT,Asia Pacific,Tokyo,136,6.41
47.91.23.108,2083,2083,true,NRT,Asia Pacific,Tokyo,139,6.41
8.222.145.110,2087,2087,true,SIN,Asia Pacific,Singapore,117,6.41
47.74.27.94,2086,2086,false,NRT,Asia Pacific,Tokyo,74,6.40
47.245.14.216,8880,8880,false,NRT,Asia Pacific,Tokyo,74,6.40
8.219.209.14,2096,2096,true,SIN,Asia Pacific,Singapore,77,6.40
8.209.222.31,2053,2053,true,NRT,Asia Pacific,Tokyo,128,6.40
8.222.211.124,8080,8080,false,SIN,Asia Pacific,Singapore,23,6.40
47.245.33.158,8080,8080,false,NRT,Asia Pacific,Tokyo,88,6.40
8.209.222.232,8880,8880,false,HKG,Asia Pacific,Hong Kong,180,6.40
8.222.208.38,2083,2083,true,SIN,Asia Pacific,Singapore,150,6.40
8.219.194.170,2087,2087,true,SIN,Asia Pacific,Singapore,127,6.39
8.219.124.227,443,443,true,SIN,Asia Pacific,Singapore,21,6.39
47.245.31.0,2096,2096,true,NRT,Asia Pacific,Tokyo,146,6.39
47.242.17.250,443,443,true,HKG,Asia Pacific,Hong Kong,39,6.39
8.222.227.191,8443,8443,true,SIN,Asia Pacific,Singapore,123,6.38
8.209.200.73,2096,2096,true,NRT,Asia Pacific,Tokyo,84,6.38
8.222.154.50,2083,2083,true,SIN,Asia Pacific,Singapore,97,6.38
8.217.250.5,8880,8880,false,HKG,Asia Pacific,Hong Kong,52,6.38
47.245.59.243,8880,8880,false,NRT,Asia Pacific,Tokyo,90,6.38
47.74.45.143,8443,8443,true,NRT,Asia Pacific,Tokyo,124,6.38
47.236.145.85,8443,8443,true,SIN,Asia Pacific,Singapore,146,6.38
47.74.11.3,2086,2086,false,NRT,Asia Pacific,Tokyo,92,6.38
8.217.167.88,8080,8080,false,HKG,Asia Pacific,Hong Kong,42,6.38
8.219.87.34,2082,2082,false,SIN,Asia Pacific,Singapore,15,6.38
47.74.45.143,2083,2083,true,NRT,Asia Pacific,Tokyo,140,6.37
8.219.82.35,2082,2082,false,SIN,Asia Pacific,Singapore,19,6.37
8.209.240.229,8080,8080,false,NRT,Asia Pacific,Tokyo,96,6.37
47.74.45.143,2052,2052,false,NRT,Asia Pacific,Tokyo,79,6.37
47.236.117.48,8080,8080,false,SIN,Asia Pacific,Singapore,32,6.37
47.91.20.88,8880,8880,false,NRT,Asia Pacific,Tokyo,84,6.37
47.245.37.89,2086,2086,false,NRT,Asia Pacific,Tokyo,83,6.37
47.74.42.111,2096,2096,true,NRT,Asia Pacific,Tokyo,112,6.37
8.219.179.34,2096,2096,true,SIN,Asia Pacific,Singapore,121,6.37
47.74.45.143,2053,2053,true,NRT,Asia Pacific,Tokyo,104,6.37
8.222.153.11,8080,8080,false,SIN,Asia Pacific,Singapore,14,6.37
47.245.62.84,2052,2052,false,NRT,Asia Pacific,Tokyo,74,6.37
8.222.128.131,8443,8443,true,SIN,Asia Pacific,Singapore,78,6.37
47.236.7.246,80,80,false,SIN,Asia Pacific,Singapore,23,6.36
8.222.130.137,8443,8443,true,SIN,Asia Pacific,Singapore,62,6.36
8.209.215.247,2096,2096,true,NRT,Asia Pacific,Tokyo,137,6.36
47.245.14.160,8443,8443,true,NRT,Asia Pacific,Tokyo,124,6.36
47.74.40.13,2052,2052,false,NRT,Asia Pacific,Tokyo,70,6.36
47.74.34.51,2083,2083,true,NRT,Asia Pacific,Tokyo,111,6.36
47.245.37.12,2095,2095,false,NRT,Asia Pacific,Tokyo,90,6.36
8.219.55.31,2095,2095,false,SIN,Asia Pacific,Singapore,99,6.36
8.219.13.143,8880,8880,false,SIN,Asia Pacific,Singapore,5,6.36
8.222.221.197,2082,2082,false,SIN,Asia Pacific,Singapore,6,6.36
47.74.26.196,2086,2086,false,HKG,Asia Pacific,Hong Kong,167,6.36
47.245.42.162,2082,2082,false,NRT,Asia Pacific,Tokyo,82,6.36
47.74.16.67,2052,2052,false,NRT,Asia Pacific,Tokyo,88,6.36
47.74.15.80,8880,8880,false,NRT,Asia Pacific,Tokyo,79,6.36
8.219.106.156,2087,2087,true,SIN,Asia Pacific,Singapore,57,6.35
8.222.144.219,2087,2087,true,SIN,Asia Pacific,Singapore,121,6.35
8.222.252.150,2053,2053,true,SIN,Asia Pacific,Singapore,103,6.35
8.222.211.124,2052,2052,false,SIN,Asia Pacific,Singapore,9,6.35
8.219.170.180,8080,8080,false,SIN,Asia Pacific,Singapore,18,6.35
47.74.41.136,2095,2095,false,NRT,Asia Pacific,Tokyo,91,6.35
47.245.33.56,2083,2083,true,NRT,Asia Pacific,Tokyo,108,6.34
47.74.6.16,2087,2087,true,NRT,Asia Pacific,Tokyo,180,6.34
47.74.46.84,2053,2053,true,NRT,Asia Pacific,Tokyo,126,6.34
8.209.243.137,8080,8080,false,NRT,Asia Pacific,Tokyo,79,6.34
8.222.167.147,2086,2086,false,SIN,Asia Pacific,Singapore,31,6.34
8.219.209.14,8880,8880,false,SIN,Asia Pacific,Singapore,8,6.34
47.245.62.84,2096,2096,true,NRT,Asia Pacific,Tokyo,134,6.34
47.245.56.121,2086,2086,false,NRT,Asia Pacific,Tokyo,93,6.33
8.219.151.193,2082,2082,false,SIN,Asia Pacific,Singapore,5,6.33
47.236.150.109,2087,2087,true,SIN,Asia Pacific,Singapore,52,6.32
8.222.227.191,2053,2053,true,SIN,Asia Pacific,Singapore,63,6.32
47.91.14.69,2083,0,true,NRT,Asia Pacific,Tokyo,91,6.32
47.91.25.66,8443,8443,true,NRT,Asia Pacific,Tokyo,108,6.32
47.74.36.154,2052,2052,false,NRT,Asia Pacific,Tokyo,74,6.32
8.210.119.11,2096,2096,true,HKG,Asia Pacific,Hong Kong,36,6.31
8.218.11.90,8080,8080,false,HKG,Asia Pacific,Hong Kong,108,6.31
47.242.54.157,8443,8443,true,HKG,Asia Pacific,Hong Kong,54,6.31
47.74.34.73,2096,2096,true,NRT,Asia Pacific,Tokyo,96,6.31
47.245.55.235,2053,2053,true,NRT,Asia Pacific,Tokyo,289,6.31
8.219.197.111,8880,8880,false,SIN,Asia Pacific,Singapore,15,6.31
47.74.34.135,2083,2083,true,NRT,Asia Pacific,Tokyo,138,6.31
47.236.117.48,2087,2087,true,SIN,Asia Pacific,Singapore,123,6.31
47.236.87.246,2086,2086,false,SIN,Asia Pacific,Singapore,30,6.30
47.245.55.235,8880,8880,false,NRT,Asia Pacific,Tokyo,116,6.30
8.222.221.90,80,80,false,SIN,Asia Pacific,Singapore,7,6.30
47.74.23.99,8443,8443,true,NRT,Asia Pacific,Tokyo,174,6.30
8.217.149.28,8880,8880,false,HKG,Asia Pacific,Hong Kong,140,6.30
8.222.167.8,2083,2083,true,SIN,Asia Pacific,Singapore,111,6.30
47.74.7.214,8443,8443,true,NRT,Asia Pacific,Tokyo,100,6.30
8.219.84.214,2052,2052,false,SIN,Asia Pacific,Singapore,4,6.30
47.74.45.143,2096,2096,true,NRT,Asia Pacific,Tokyo,90,6.30
8.222.145.110,8080,8080,false,SIN,Asia Pacific,Singapore,17,6.30
47.245.114.163,8880,8880,false,SIN,Asia Pacific,Singapore,5,6.30
47.74.27.211,2087,2087,true,NRT,Asia Pacific,Tokyo,141,6.29
47.236.130.95,2096,2096,true,SIN,Asia Pacific,Singapore,116,6.29
47.236.104.98,2082,2082,false,SIN,Asia Pacific,Singapore,38,6.29
8.219.0.162,2053,2053,true,SIN,Asia Pacific,Singapore,43,6.29
47.236.97.90,80,80,false,SIN,Asia Pacific,Singapore,36,6.29
47.245.55.99,8080,8080,false,NRT,Asia Pacific,Tokyo,76,6.29
8.219.58.64,2052,2052,false,SIN,Asia Pacific,Singapore,8,6.29
8.210.55.134,8880,8880,false,HKG,Asia Pacific,Hong Kong,54,6.29
47.74.52.188,8080,8080,false,NRT,Asia Pacific,Tokyo,79,6.29
47.74.50.249,2053,2053,true,NRT,Asia Pacific,Tokyo,110,6.29
47.245.37.41,2052,2052,false,NRT,Asia Pacific,Tokyo,78,6.29
8.219.122.96,8443,8443,true,SIN,Asia Pacific,Singapore,71,6.29
8.217.251.62,8880,8880,false,HKG,Asia Pacific,Hong Kong,39,6.29
47.74.18.121,8880,8880,false,NRT,Asia Pacific,Tokyo,84,6.29
8.222.244.123,2087,2087,true,SIN,Asia Pacific,Singapore,82,6.29
8.222.211.124,2086,2086,false,SIN,Asia Pacific,Singapore,17,6.29
47.74.35.127,8443,8443,true,NRT,Asia Pacific,Tokyo,141,6.29
8.217.167.88,2082,2082,false,HKG,Asia Pacific,Hong Kong,92,6.28
8.222.223.34,2086,2086,false,SIN,Asia Pacific,Singapore,48,6.28
47.91.22.34,2083,2083,true,NRT,Asia Pacific,Tokyo,111,6.28
8.222.128.131,2052,2052,false,SIN,Asia Pacific,Singapore,14,6.28
8.209.246.24,2082,2082,false,NRT,Asia Pacific,Tokyo,90,6.28
8.219.198.139,2087,2087,true,SIN,Asia Pacific,Singapore,89,6.28
8.222.137.192,2087,2087,true,SIN,Asia Pacific,Singapore,110,6.27
47.91.21.107,80,80,false,NRT,Asia Pacific,Tokyo,81,6.27
8.209.243.99,2082,2082,false,NRT,Asia Pacific,Tokyo,79,6.27
47.74.52.188,2087,2087,true,NRT,Asia Pacific,Tokyo,116,6.27
8.219.106.156,2082,2082,false,SIN,Asia Pacific,Singapore,9,6.27
8.222.215.228,8080,8080,false,SIN,Asia Pacific,Singapore,12,6.27
8.218.22.210,8443,8443,true,HKG,Asia Pacific,Hong Kong,85,6.27
47.245.108.213,2052,2052,false,SIN,Asia Pacific,Singapore,16,6.27
8.209.248.161,2082,2082,false,NRT,Asia Pacific,Tokyo,92,6.27
47.245.11.216,2086,2086,false,NRT,Asia Pacific,Tokyo,80,6.27
8.219.58.64,8880,8880,false,SIN,Asia Pacific,Singapore,6,6.26
8.222.221.86,2096,2096,true,SIN,Asia Pacific,Singapore,65,6.26
8.222.249.98,80,80,false,SIN,Asia Pacific,Singapore,16,6.26
47.245.41.69,8880,8880,false,NRT,Asia Pacific,Tokyo,80,6.26
8.219.251.81,2082,2082,false,SIN,Asia Pacific,Singapore,11,6.26
8.222.137.166,2087,2087,true,SIN,Asia Pacific,Singapore,135,6.26
47.243.107.148,2096,2096,true,HKG,Asia Pacific,Hong Kong,106,6.26
8.219.233.6,8080,8080,false,SIN,Asia Pacific,Singapore,5,6.26
8.219.208.69,8443,8443,true,SIN,Asia Pacific,Singapore,109,6.25
47.74.13.239,2087,2087,true,NRT,Asia Pacific,Tokyo,262,6.25
8.222.129.245,8080,8080,false,SIN,Asia Pacific,Singapore,21,6.25
8.219.199.220,443,443,true,SIN,Asia Pacific,Singapore,123,6.25
8.219.161.129,8080,8080,false,SIN,Asia Pacific,Singapore,7,6.25
47.74.11.9,2082,2082,false,NRT,Asia Pacific,Tokyo,79,6.25
47.245.86.230,8880,8880,false,SIN,Asia Pacific,Singapore,9,6.25
8.219.159.232,80,80,false,SIN,Asia Pacific,Singapore,19,6.24
47.74.54.145,2086,2086,false,NRT,Asia Pacific,Tokyo,74,6.24
8.222.255.15,80,80,false,SIN,Asia Pacific,Singapore,5,6.23
8.219.114.201,2096,2096,true,SIN,Asia Pacific,Singapore,126,6.23
47.245.56.121,8880,8880,false,NRT,Asia Pacific,Tokyo,74,6.23
8.219.209.14,80,80,false,SIN,Asia Pacific,Singapore,54,6.23
8.209.248.161,8880,8880,false,NRT,Asia Pacific,Tokyo,82,6.23
8.219.178.101,2095,2095,false,SIN,Asia Pacific,Singapore,6,6.23
47.74.16.255,2053,2053,true,NRT,Asia Pacific,Tokyo,167,6.22
8.219.213.84,2095,2095,false,SIN,Asia Pacific,Singapore,13,6.22
47.74.54.33,8880,8880,false,NRT,Asia Pacific,Tokyo,71,6.22
47.243.203.119,2082,2082,false,HKG,Asia Pacific,Hong Kong,103,6.22
8.222.129.245,2082,2082,false,SIN,Asia Pacific,Singapore,15,6.22
8.222.210.182,2052,2052,false,SIN,Asia Pacific,Singapore,3,6.22
8.218.65.237,2096,2096,true,HKG,Asia Pacific,Hong Kong,166,6.22
47.74.14.85,2082,2082,false,NRT,Asia Pacific,Tokyo,82,6.22
8.217.207.60,2082,2082,false,HKG,Asia Pacific,Hong Kong,53,6.21
47.245.52.240,2086,2086,false,NRT,Asia Pacific,Tokyo,95,6.21
47.74.7.51,2096,2096,true,NRT,Asia Pacific,Tokyo,175,6.21
8.209.246.24,2096,2096,true,NRT,Asia Pacific,Tokyo,105,6.21
8.219.103.126,8443,8443,true,SIN,Asia Pacific,Singapore,59,6.21
8.222.229.22,80,80,false,SIN,Asia Pacific,Singapore,11,6.21
47.245.9.99,2082,2082,false,NRT,Asia Pacific,Tokyo,86,6.21
8.219.197.111,2082,2082,false,SIN,Asia Pacific,Singapore,178,6.20
47.76.94.15,2082,2082,false,HKG,Asia Pacific,Hong Kong,134,6.20
47.245.41.84,2052,2052,false,NRT,Asia Pacific,Tokyo,80,6.20
8.222.208.38,2052,2052,false,SIN,Asia Pacific,Singapore,8,6.20
47.245.37.98,2053,2053,true,NRT,Asia Pacific,Tokyo,309,6.20
47.245.114.163,2095,2095,false,SIN,Asia Pacific,Singapore,7,6.20
8.219.202.130,2086,2086,false,SIN,Asia Pacific,Singapore,27,6.20
8.219.106.15,2095,2095,false,SIN,Asia Pacific,Singapore,16,6.20
8.219.58.64,2083,2083,true,SIN,Asia Pacific,Singapore,74,6.20
8.210.245.224,8880,8880,false,HKG,Asia Pacific,Hong Kong,45,6.20
8.218.11.90,2083,2083,true,HKG,Asia Pacific,Hong Kong,76,6.20
8.219.104.242,8880,8880,false,SIN,Asia Pacific,Singapore,6,6.20
8.222.140.185,80,80,false,SIN,Asia Pacific,Singapore,13,6.19
47.91.23.108,80,80,false,NRT,Asia Pacific,Tokyo,93,6.19
8.219.170.223,2052,2052,false,SIN,Asia Pacific,Singapore,18,6.19
8.222.209.223,8080,8080,false,SIN,Asia Pacific,Singapore,12,6.19
47.74.18.121,2082,2082,false,NRT,Asia Pacific,Tokyo,79,6.19
8.222.136.196,80,80,false,SIN,Asia Pacific,Singapore,14,6.19
47.245.59.188,2082,2082,false,NRT,Asia Pacific,Tokyo,115,6.19
8.209.215.247,8443,8443,true,NRT,Asia Pacific,Tokyo,84,6.19
8.219.110.88,2082,2082,false,SIN,Asia Pacific,Singapore,7,6.19
8.219.140.229,8443,8443,true,SIN,Asia Pacific,Singapore,104,6.18
47.245.30.65,2095,2095,false,NRT,Asia Pacific,Tokyo,78,6.18
47.74.34.135,2053,2053,true,NRT,Asia Pacific,Tokyo,162,6.18
8.219.12.152,2087,2087,true,SIN,Asia Pacific,Singapore,71,6.18
47.236.15.73,2053,2053,true,SIN,Asia Pacific,Singapore,123,6.18
47.74.34.135,2087,2087,true,NRT,Asia Pacific,Tokyo,113,6.18
47.245.11.108,2096,2096,true,NRT,Asia Pacific,Tokyo,100,6.18
8.219.196.24,2086,2086,false,SIN,Asia Pacific,Singapore,10,6.18
47.91.21.149,2053,2053,true,NRT,Asia Pacific,Tokyo,126,6.18
8.222.254.91,2086,2086,false,SIN,Asia Pacific,Singapore,27,6.18
47.242.155.183,80,80,false,HKG,Asia Pacific,Hong Kong,43,6.17
8.219.186.189,2096,2096,true,SIN,Asia Pacific,Singapore,124,6.17
8.217.251.62,2053,2053,true,HKG,Asia Pacific,Hong Kong,124,6.17
47.245.10.164,2082,2082,false,NRT,Asia Pacific,Tokyo,77,6.17
8.219.178.9,80,80,false,SIN,Asia Pacific,Singapore,47,6.17
8.219.72.50,2087,2087,true,SIN,Asia Pacific,Singapore,70,6.16
8.210.21.65,2083,2083,true,HKG,Asia Pacific,Hong Kong,58,6.16
8.210.21.65,443,443,true,HKG,Asia Pacific,Hong Kong,84,6.16
8.219.60.54,8880,8880,false,SIN,Asia Pacific,Singapore,2,6.16
47.74.34.162,2053,2053,true,NRT,Asia Pacific,Tokyo,121,6.16
8.219.170.180,443,443,true,SIN,Asia Pacific,Singapore,76,6.16
47.242.171.94,443,443,true,HKG,Asia Pacific,Hong Kong,39,6.16
8.219.236.8,2053,2053,true,SIN,Asia Pacific,Singapore,111,6.16
47.245.37.12,2052,2052,false,NRT,Asia Pacific,Tokyo,104,6.15
8.219.97.179,8080,8080,false,SIN,Asia Pacific,Singapore,6,6.15
8.219.201.245,2095,2095,false,SIN,Asia Pacific,Singapore,9,6.15
8.219.92.89,2052,2052,false,SIN,Asia Pacific,Singapore,14,6.15
47.242.171.94,2095,2095,false,HKG,Asia Pacific,Hong Kong,90,6.15
8.219.145.245,2052,2052,false,SIN,Asia Pacific,Singapore,5,6.15
47.245.57.38,2096,2096,true,HKG,Asia Pacific,Hong Kong,252,6.15
8.222.168.234,8443,8443,true,SIN,Asia Pacific,Singapore,85,6.15
8.222.197.251,443,443,true,SIN,Asia Pacific,Singapore,65,6.15
8.219.13.143,443,443,true,SIN,Asia Pacific,Singapore,18,6.15
47.74.34.38,2086,2086,false,NRT,Asia Pacific,Tokyo,82,6.15
8.222.249.98,2052,2052,false,SIN,Asia Pacific,Singapore,15,6.15
8.222.214.231,2086,2086,false,SIN,Asia Pacific,Singapore,7,6.15
8.219.50.180,2095,2095,false,SIN,Asia Pacific,Singapore,167,6.15
47.245.55.94,8080,8080,false,NRT,Asia Pacific,Tokyo,90,6.14
8.209.246.24,8080,8080,false,NRT,Asia Pacific,Tokyo,75,6.14
8.210.107.246,2052,2052,false,HKG,Asia Pacific,Hong Kong,48,6.14
8.219.102.252,2096,2096,true,SIN,Asia Pacific,Singapore,95,6.14
47.243.107.148,2053,2053,true,HKG,Asia Pacific,Hong Kong,95,6.14
8.209.246.24,80,80,false,NRT,Asia Pacific,Tokyo,76,6.14
8.222.140.87,80,80,false,SIN,Asia Pacific,Singapore,28,6.13
47.245.39.28,80,80,false,NRT,Asia Pacific,Tokyo,90,6.13
8.219.220.122,2086,2086,false,SIN,Asia Pacific,Singapore,30,6.13
47.245.115.6,8443,8443,true,SIN,Asia Pacific,Singapore,137,6.13
8.222.154.227,2096,2096,true,SIN,Asia Pacific,Singapore,109,6.13
8.209.246.24,2087,2087,true,NRT,Asia Pacific,Tokyo,177,6.13
8.219.100.168,8880,8880,false,SIN,Asia Pacific,Singapore,6,6.13
8.209.222.31,2095,2095,false,NRT,Asia Pacific,Tokyo,98,6.13
47.74.27.94,2083,2083,true,NRT,Asia Pacific,Tokyo,118,6.12
47.74.43.95,8080,8080,false,NRT,Asia Pacific,Tokyo,70,6.12
8.219.50.180,2086,2086,false,SIN,Asia Pacific,Singapore,6,6.12
47.245.37.41,2086,2086,false,NRT,Asia Pacific,Tokyo,85,6.12
47.91.29.108,8443,8443,true,NRT,Asia Pacific,Tokyo,120,6.12
8.219.51.211,2086,2086,false,SIN,Asia Pacific,Singapore,8,6.12
47.245.52.240,80,80,false,NRT,Asia Pacific,Tokyo,87,6.12
8.219.156.148,2095,2095,false,SIN,Asia Pacific,Singapore,17,6.11
8.219.142.229,8443,8443,true,SIN,Asia Pacific,Singapore,64,6.11
8.219.248.47,80,80,false,SIN,Asia Pacific,Singapore,7,6.11
47.74.42.17,8443,8443,true,NRT,Asia Pacific,Tokyo,128,6.11
8.219.103.65,8880,8880,false,SIN,Asia Pacific,Singapore,42,6.11
8.222.140.185,8880,8880,false,SIN,Asia Pacific,Singapore,30,6.11
47.74.3.2,2082,2082,false,NRT,Asia Pacific,Tokyo,80,6.11
8.219.198.139,443,443,true,SIN,Asia Pacific,Singapore,117,6.11
8.217.250.222,2096,2096,true,HKG,Asia Pacific,Hong Kong,94,6.11
8.219.193.22,8080,8080,false,SIN,Asia Pacific,Singapore,24,6.11
47.236.19.51,2082,2082,false,SIN,Asia Pacific,Singapore,43,6.10
47.245.39.49,80,80,false,HKG,Asia Pacific,Hong Kong,168,6.10
8.222.249.98,2095,2095,false,SIN,Asia Pacific,Singapore,26,6.10
8.219.201.245,443,443,true,SIN,Asia Pacific,Singapore,61,6.10
47.76.33.40,2095,2095,false,HKG,Asia Pacific,Hong Kong,36,6.10
8.219.199.220,2087,2087,true,SIN,Asia Pacific,Singapore,72,6.10
8.219.124.227,2082,2082,false,SIN,Asia Pacific,Singapore,7,6.09
8.222.210.182,2053,2053,true,SIN,Asia Pacific,Singapore,120,6.09
47.236.4.129,2096,2096,true,SIN,Asia Pacific,Singapore,97,6.09
47.245.118.197,8880,8880,false,SIN,Asia Pacific,Singapore,17,6.09
8.209.243.99,80,80,false,NRT,Asia Pacific,Tokyo,87,6.09
47.242.176.237,8080,8080,false,HKG,Asia Pacific,Hong Kong,84,6.09
47.236.150.109,8443,8443,true,SIN,Asia Pacific,Singapore,87,6.09
47.245.42.162,8443,8443,true,NRT,Asia Pacific,Tokyo,170,6.09
8.219.115.215,2052,2052,false,SIN,Asia Pacific,Singapore,9,6.09
8.222.209.223,2083,2083,true,SIN,Asia Pacific,Singapore,95,6.09
8.218.136.25,2082,2082,false,HKG,Asia Pacific,Hong Kong,79,6.08
8.219.106.156,443,443,true,SIN,Asia Pacific,Singapore,70,6.08
47.74.11.9,2096,2096,true,NRT,Asia Pacific,Tokyo,105,6.08
8.219.196.117,2052,2052,false,SIN,Asia Pacific,Singapore,62,6.08
47.243.161.235,8443,8443,true,HKG,Asia Pacific,Hong Kong,155,6.08
8.219.103.126,2083,2083,true,SIN,Asia Pacific,Singapore,74,6.07
47.74.8.238,8080,8080,false,NRT,Asia Pacific,Tokyo,76,6.07
8.222.211.16,8443,8443,true,SIN,Asia Pacific,Singapore,93,6.07
47.245.54.98,8880,8880,false,NRT,Asia Pacific,Tokyo,149,6.07
47.245.55.94,2052,2052,false,NRT,Asia Pacific,Tokyo,83,6.07
47.242.176.237,2053,2053,true,HKG,Asia Pacific,Hong Kong,47,6.07
8.222.221.197,80,80,false,SIN,Asia Pacific,Singapore,20,6.07
47.74.26.132,8443,8443,true,NRT,Asia Pacific,Tokyo,125,6.07
47.74.34.38,2087,2087,true,NRT,Asia Pacific,Tokyo,135,6.07
8.222.136.196,2095,2095,false,SIN,Asia Pacific,Singapore,3,6.06
47.236.150.109,2086,2086,false,SIN,Asia Pacific,Singapore,20,6.06
47.74.14.85,2087,2087,true,NRT,Asia Pacific,Tokyo,149,6.06
8.217.164.10,2053,2053,true,HKG,Asia Pacific,Hong Kong,116,6.06
8.219.196.117,80,80,false,SIN,Asia Pacific,Singapore,38,6.06
47.245.57.38,8880,8880,false,HKG,Asia Pacific,Hong Kong,162,6.06
47.245.80.142,8080,8080,false,SIN,Asia Pacific,Singapore,12,6.05
47.74.45.143,80,80,false,NRT,Asia Pacific,Tokyo,77,6.05
47.91.25.66,2052,2052,false,NRT,Asia Pacific,Tokyo,78,6.05
8.219.111.147,2053,2053,true,SIN,Asia Pacific,Singapore,60,6.05
47.74.26.196,2095,2095,false,HKG,Asia Pacific,Hong Kong,176,6.05
8.219.0.162,2082,2082,false,SIN,Asia Pacific,Singapore,9,6.05
8.222.211.124,2096,2096,true,SIN,Asia Pacific,Singapore,95,6.05
47.74.27.94,8080,8080,false,NRT,Asia Pacific,Tokyo,90,6.05
47.245.33.56,2096,2096,true,NRT,Asia Pacific,Tokyo,125,6.05
8.210.9.129,2095,2095,false,HKG,Asia Pacific,Hong Kong,123,6.05
47.245.54.98,2083,2083,true,NRT,Asia Pacific,Tokyo,145,6.04
47.74.5.99,8880,8880,false,NRT,Asia Pacific,Tokyo,78,6.04
47.74.34.162,8080,8080,false,NRT,Asia Pacific,Tokyo,91,6.04
8.218.22.210,2096,2096,true,HKG,Asia Pacific,Hong Kong,72,6.04
8.219.92.89,2087,2087,true,SIN,Asia Pacific,Singapore,55,6.04
8.222.227.191,2087,2087,true,SIN,Asia Pacific,Singapore,73,6.03
8.209.200.73,2087,2087,true,NRT,Asia Pacific,Tokyo,124,6.03
8.222.226.15,8443,8443,true,SIN,Asia Pacific,Singapore,143,6.03
47.74.26.196,8880,8880,false,HKG,Asia Pacific,Hong Kong,161,6.03
47.243.107.148,2087,2087,true,HKG,Asia Pacific,Hong Kong,116,6.03
8.219.53.222,2087,2087,true,SIN,Asia Pacific,Singapore,54,6.03
47.74.41.88,2087,2087,true,HKG,Asia Pacific,Hong Kong,235,6.03
8.222.152.165,80,80,false,SIN,Asia Pacific,Singapore,19,6.02
47.245.33.56,8880,8880,false,NRT,Asia Pacific,Tokyo,76,6.02
47.245.118.197,2087,2087,true,SIN,Asia Pacific,Singapore,50,6.02
8.219.201.245,8880,8880,false,SIN,Asia Pacific,Singapore,35,6.01
47.74.35.127,2052,2052,false,NRT,Asia Pacific,Tokyo,74,6.01
8.222.180.242,8080,8080,false,SIN,Asia Pacific,Singapore,10,6.01
47.74.9.174,8880,8880,false,NRT,Asia Pacific,Tokyo,79,6.01
8.219.170.180,8080,8080,false,SIN,Asia Pacific,Singapore,9,6.01
8.222.208.38,2053,2053,true,SIN,Asia Pacific,Singapore,90,6.01
8.219.140.63,80,80,false,SIN,Asia Pacific,Singapore,19,6.01
8.219.77.91,2053,2053,true,SIN,Asia Pacific,Singapore,63,6.00
47.245.41.169,2053,2053,true,NRT,Asia Pacific,Tokyo,187,6.00
8.222.140.87,2082,2082,false,SIN,Asia Pacific,Singapore,36,6.00
47.91.16.214,2053,2053,true,NRT,Asia Pacific,Tokyo,112,6.00
8.222.210.182,8880,8880,false,SIN,Asia Pacific,Singapore,6,5.99
8.219.84.214,8880,8880,false,SIN,Asia Pacific,Singapore,5,5.99
47.245.59.244,8080,8080,false,NRT,Asia Pacific,Tokyo,79,5.99
8.222.224.162,80,80,false,SIN,Asia Pacific,Singapore,11,5.99
8.219.106.15,443,443,true,SIN,Asia Pacific,Singapore,100,5.99
8.219.220.88,80,80,false,SIN,Asia Pacific,Singapore,10,5.99
47.236.4.129,8880,8880,false,SIN,Asia Pacific,Singapore,312,5.99
8.219.167.113,2096,2096,true,SIN,Asia Pacific,Singapore,56,5.98
47.76.80.72,2053,2053,true,HKG,Asia Pacific,Hong Kong,104,5.98
47.243.162.49,2082,2082,false,HKG,Asia Pacific,Hong Kong,119,5.98
8.222.150.197,2053,2053,true,SIN,Asia Pacific,Singapore,114,5.98
8.218.11.90,8443,8443,true,HKG,Asia Pacific,Hong Kong,165,5.97
8.222.136.196,2052,2052,false,SIN,Asia Pacific,Singapore,19,5.97
47.245.41.84,8443,8443,true,NRT,Asia Pacific,Tokyo,161,5.97
8.222.221.86,8443,8443,true,SIN,Asia Pacific,Singapore,70,5.97
8.222.153.11,2086,2086,false,SIN,Asia Pacific,Singapore,38,5.97
47.74.26.131,2096,2096,true,NRT,Asia Pacific,Tokyo,218,5.96
8.209.248.161,2083,2083,true,NRT,Asia Pacific,Tokyo,137,5.96
47.74.11.9,8880,8880,false,NRT,Asia Pacific,Tokyo,75,5.96
8.219.199.220,2083,2083,true,SIN,Asia Pacific,Singapore,92,5.96
47.74.16.255,8080,8080,false,NRT,Asia Pacific,Tokyo,78,5.96
8.222.238.141,2052,2052,false,SIN,Asia Pacific,Singapore,14,5.96
8.222.187.4,2082,2082,false,SIN,Asia Pacific,Singapore,5,5.95
8.210.151.69,2095,2095,false,HKG,Asia Pacific,Hong Kong,38,5.95
8.219.58.64,2095,2095,false,SIN,Asia Pacific,Singapore,6,5.95
8.210.39.96,2095,2095,false,HKG,Asia Pacific,Hong Kong,55,5.95
8.222.209.223,8443,8443,true,SIN,Asia Pacific,Singapore,64,5.95
8.219.157.97,2082,2082,false,SIN,Asia Pacific,Singapore,7,5.95
8.209.246.24,2083,2083,true,NRT,Asia Pacific,Tokyo,142,5.95
8.218.48.92,2095,2095,false,HKG,Asia Pacific,Hong Kong,44,5.95
8.222.237.131,2083,2083,true,SIN,Asia Pacific,Singapore,99,5.95
8.219.253.18,2082,2082,false,SIN,Asia Pacific,Singapore,15,5.95
8.222.212.219,2053,2053,true,SIN,Asia Pacific,Singapore,90,5.95
8.222.221.90,2086,2086,false,SIN,Asia Pacific,Singapore,14,5.95
47.91.29.108,2087,2087,true,NRT,Asia Pacific,Tokyo,93,5.95
8.219.152.195,2082,2082,false,SIN,Asia Pacific,Singapore,6,5.94
47.245.115.6,2086,2086,false,SIN,Asia Pacific,Singapore,22,5.94
8.210.21.65,2096,2096,true,HKG,Asia Pacific,Hong Kong,45,5.94
8.218.52.115,2083,2083,true,HKG,Asia Pacific,Hong Kong,114,5.94
8.219.201.245,8080,8080,false,SIN,Asia Pacific,Singapore,19,5.94
47.236.7.13,2053,2053,true,SIN,Asia Pacific,Singapore,94,5.94
47.245.41.69,2095,2095,false,NRT,Asia Pacific,Tokyo,83,5.93
8.219.100.155,2082,2082,false,SIN,Asia Pacific,Singapore,10,5.93
47.245.118.70,2096,2096,true,SIN,Asia Pacific,Singapore,67,5.93
8.210.55.134,2086,2086,false,HKG,Asia Pacific,Hong Kong,37,5.93
47.74.13.200,2087,2087,true,NRT,Asia Pacific,Tokyo,178,5.93
8.222.182.10,80,80,false,SIN,Asia Pacific,Singapore,23,5.93
8.222.214.13,2053,2053,true,SIN,Asia Pacific,Singapore,87,5.93
8.219.104.242,2086,2086,false,SIN,Asia Pacific,Singapore,47,5.93
8.219.55.31,8443,8443,true,SIN,Asia Pacific,Singapore,32,5.93
47.74.41.136,8080,8080,false,NRT,Asia Pacific,Tokyo,93,5.92
8.222.254.91,2052,2052,false,SIN,Asia Pacific,Singapore,5,5.92
47.74.6.16,2083,2083,true,NRT,Asia Pacific,Tokyo,117,5.92
8.219.111.147,80,80,false,SIN,Asia Pacific,Singapore,9,5.92
47.236.83.239,2086,2086,false,SIN,Asia Pacific,Singapore,13,5.92
47.245.59.133,2087,2087,true,NRT,Asia Pacific,Tokyo,157,5.92
47.245.33.56,2095,2095,false,NRT,Asia Pacific,Tokyo,82,5.92
47.245.55.99,8443,8443,true,NRT,Asia Pacific,Tokyo,271,5.92
47.245.6.9,2082,2082,false,HKG,Asia Pacific,Hong Kong,168,5.91
47.74.13.239,8080,8080,false,NRT,Asia Pacific,Tokyo,79,5.91
47.236.19.51,2053,2053,true,SIN,Asia Pacific,Singapore,86,5.91
8.222.129.245,8443,8443,true,SIN,Asia Pacific,Singapore,106,5.91
8.219.228.186,2083,2083,true,SIN,Asia Pacific,Singapore,108,5.91
8.222.214.13,443,443,true,SIN,Asia Pacific,Singapore,114,5.91
8.219.0.162,2052,2052,false,SIN,Asia Pacific,Singapore,9,5.91
8.219.198.139,2086,2086,false,SIN,Asia Pacific,Singapore,21,5.91
47.243.203.119,2053,2053,true,HKG,Asia Pacific,Hong Kong,81,5.91
47.74.43.95,2082,2082,false,NRT,Asia Pacific,Tokyo,70,5.91
8.219.65.191,2052,2052,false,SIN,Asia Pacific,Singapore,9,5.90
8.217.251.62,2082,2082,false,HKG,Asia Pacific,Hong Kong,49,5.90
8.222.224.162,2095,2095,false,SIN,Asia Pacific,Singapore,13,5.90
47.242.174.27,2096,2096,true,HKG,Asia Pacific,Hong Kong,95,5.90
47.245.39.49,2053,2053,true,HKG,Asia Pacific,Hong Kong,402,5.90
8.222.209.223,2095,2095,false,SIN,Asia Pacific,Singapore,5,5.90
8.219.78.1,8443,8443,true,SIN,Asia Pacific,Singapore,126,5.90
47.91.28.27,2087,2087,true,NRT,Asia Pacific,Tokyo,124,5.90
8.222.168.234,2082,2082,false,SIN,Asia Pacific,Singapore,25,5.90
8.219.42.72,2086,2086,false,SIN,Asia Pacific,Singapore,4,5.90
47.245.58.250,8080,8080,false,NRT,Asia Pacific,Tokyo,81,5.90
47.76.77.103,2095,2095,false,HKG,Asia Pacific,Hong Kong,47,5.89
8.222.221.109,443,443,true,SIN,Asia Pacific,Singapore,93,5.89
8.219.55.31,80,80,false,SIN,Asia Pacific,Singapore,33,5.89
47.243.203.119,8080,8080,false,HKG,Asia Pacific,Hong Kong,78,5.89
8.222.164.209,2087,2087,true,SIN,Asia Pacific,Singapore,129,5.89
8.222.154.50,2052,2052,false,SIN,Asia Pacific,Singapore,20,5.89
47.236.116.182,2082,2082,false,SIN,Asia Pacific,Singapore,46,5.89
8.219.210.64,2083,2083,true,SIN,Asia Pacific,Singapore,75,5.89
8.219.13.143,2086,2086,false,SIN,Asia Pacific,Singapore,14,5.89
8.210.107.246,2082,2082,false,HKG,Asia Pacific,Hong Kong,129,5.89
8.209.222.31,8443,8443,true,NRT,Asia Pacific,Tokyo,108,5.89
8.219.12.152,2083,2083,true,SIN,Asia Pacific,Singapore,97,5.88
47.74.7.51,8080,8080,false,NRT,Asia Pacific,Tokyo,84,5.88
8.219.173.239,8443,8443,true,SIN,Asia Pacific,Singapore,9,5.88
47.236.94.113,8443,8443,true,SIN,Asia Pacific,Singapore,135,5.88
8.219.247.203,2052,2052,false,SIN,Asia Pacific,Singapore,6,5.88
8.219.228.193,8080,8080,false,SIN,Asia Pacific,Singapore,14,5.88
47.74.13.94,2087,2087,true,NRT,Asia Pacific,Tokyo,200,5.88
8.222.224.163,8080,8080,false,SIN,Asia Pacific,Singapore,16,5.88
8.219.185.191,2086,2086,false,SIN,Asia Pacific,Singapore,19,5.88
8.219.175.127,2052,2052,false,SIN,Asia Pacific,Singapore,10,5.88
8.222.145.164,2053,2053,true,SIN,Asia Pacific,Singapore,97,5.87
47.245.12.179,2053,2053,true,NRT,Asia Pacific,Tokyo,102,5.87
8.222.219.34,2086,2086,false,SIN,Asia Pacific,Singapore,23,5.87
8.219.215.214,8080,8080,false,SIN,Asia Pacific,Singapore,17,5.87
8.219.185.191,2086,2086,false,SIN,Asia Pacific,Singapore,31,5.87
8.222.254.91,2087,2087,true,SIN,Asia Pacific,Singapore,71,5.87
47.242.79.71,8080,8080,false,HKG,Asia Pacific,Hong Kong,37,5.87
8.210.21.65,8080,8080,false,HKG,Asia Pacific,Hong Kong,89,5.87
8.219.142.191,8080,8080,false,SIN,Asia Pacific,Singapore,6,5.87
8.222.144.117,2096,2096,true,SIN,Asia Pacific,Singapore,74,5.87
8.219.198.34,443,443,true,SIN,Asia Pacific,Singapore,100,5.87
47.245.41.169,2052,2052,false,NRT,Asia Pacific,Tokyo,78,5.87
8.219.236.8,80,80,false,SIN,Asia Pacific,Singapore,7,5.86
47.74.18.121,2086,2086,false,NRT,Asia Pacific,Tokyo,83,5.86
47.74.46.84,2086,2086,false,NRT,Asia Pacific,Tokyo,89,5.86
47.236.145.180,2095,2095,false,SIN,Asia Pacific,Singapore,26,5.86
47.74.26.196,80,80,false,HKG,Asia Pacific,Hong Kong,168,5.86
47.74.16.255,2086,2086,false,NRT,Asia Pacific,Tokyo,76,5.86
47.74.8.238,2082,2082,false,NRT,Asia Pacific,Tokyo,84,5.86
8.218.22.210,2087,2087,true,HKG,Asia Pacific,Hong Kong,129,5.86
47.245.115.6,2095,2095,false,SIN,Asia Pacific,Singapore,22,5.86
47.245.37.89,2083,2083,true,NRT,Asia Pacific,Tokyo,165,5.86
8.222.159.252,8880,8880,false,SIN,Asia Pacific,Singapore,15,5.86
8.219.0.162,443,443,true,SIN,Asia Pacific,Singapore,36,5.85
47.74.4.47,2082,2082,false,NRT,Asia Pacific,Tokyo,90,5.85
8.219.178.101,2082,2082,false,SIN,Asia Pacific,Singapore,23,5.85
47.74.11.9,2096,2096,true,NRT,Asia Pacific,Tokyo,126,5.85
8.219.72.50,443,443,true,SIN,Asia Pacific,Singapore,68,5.85
8.222.168.234,8443,8443,true,SIN,Asia Pacific,Singapore,163,5.85
47.74.13.239,8443,8443,true,NRT,Asia Pacific,Tokyo,147,5.85
47.74.13.66,2096,2096,true,NRT,Asia Pacific,Tokyo,156,5.84
47.74.10.135,80,80,false,NRT,Asia Pacific,Tokyo,85,5.84
8.219.4.122,443,443,true,SIN,Asia Pacific,Singapore,168,5.84
47.243.42.219,2052,2052,false,HKG,Asia Pacific,Hong Kong,35,5.84
47.74.26.132,8443,8443,true,NRT,Asia Pacific,Tokyo,181,5.83
47.245.40.55,2082,2082,false,HKG,Asia Pacific,Hong Kong,161,5.83
47.245.56.50,2052,2052,false,NRT,Asia Pacific,Tokyo,83,5.83
8.222.214.13,2053,2053,true,SIN,Asia Pacific,Singapore,57,5.83
8.219.210.64,8880,8880,false,SIN,Asia Pacific,Singapore,31,5.83
8.219.60.68,80,80,false,SIN,Asia Pacific,Singapore,2,5.83
47.242.176.237,2086,2086,false,HKG,Asia Pacific,Hong Kong,113,5.83
8.210.156.6,8880,8880,false,HKG,Asia Pacific,Hong Kong,39,5.83
47.76.33.40,8080,8080,false,HKG,Asia Pacific,Hong Kong,38,5.82
47.74.50.249,8080,8080,false,NRT,Asia Pacific,Tokyo,85,5.82
47.242.174.27,2082,2082,false,HKG,Asia Pacific,Hong Kong,91,5.82
8.219.179.34,8443,8443,true,SIN,Asia Pacific,Singapore,91,5.82
47.74.40.13,2087,2087,true,NRT,Asia Pacific,Tokyo,118,5.82
8.210.151.69,2096,2096,true,HKG,Asia Pacific,Hong Kong,81,5.82
47.245.39.49,2052,2052,false,HKG,Asia Pacific,Hong Kong,163,5.81
47.76.37.57,2095,2095,false,HKG,Asia Pacific,Hong Kong,50,5.81
47.245.56.121,2053,2053,true,NRT,Asia Pacific,Tokyo,129,5.81
8.222.210.182,443,443,true,SIN,Asia Pacific,Singapore,101,5.81
47.245.54.98,8080,8080,false,NRT,Asia Pacific,Tokyo,78,5.81
47.245.33.163,8080,8080,false,NRT,Asia Pacific,Tokyo,84,5.81
8.209.242.25,8880,8880,false,NRT,Asia Pacific,Tokyo,87,5.81
8.210.146.108,2082,2082,false,HKG,Asia Pacific,Hong Kong,35,5.80
8.219.102.252,2053,2053,true,SIN,Asia Pacific,Singapore,49,5.80
47.245.33.163,2095,2095,false,NRT,Asia Pacific,Tokyo,78,5.80
47.245.37.98,8080,8080,false,NRT,Asia Pacific,Tokyo,93,5.80
8.219.174.213,8080,8080,false,SIN,Asia Pacific,Singapore,6,5.80
47.245.39.49,8080,8080,false,HKG,Asia Pacific,Hong Kong,171,5.80
47.242.54.157,80,80,false,HKG,Asia Pacific,Hong Kong,136,5.80
47.91.23.146,8443,8443,true,NRT,Asia Pacific,Tokyo,108,5.79
8.219.157.97,2053,2053,true,SIN,Asia Pacific,Singapore,82,5.78
47.91.25.66,2087,2087,true,NRT,Asia Pacific,Tokyo,114,5.78
8.219.208.69,2086,2086,false,SIN,Asia Pacific,Singapore,10,5.78
47.76.33.40,2087,2087,true,HKG,Asia Pacific,Hong Kong,86,5.78
47.74.5.99,8080,8080,false,NRT,Asia Pacific,Tokyo,73,5.78
47.245.54.98,2087,2087,true,NRT,Asia Pacific,Tokyo,163,5.78
8.219.201.245,8443,8443,true,SIN,Asia Pacific,Singapore,17,5.78
8.222.168.234,2096,2096,true,SIN,Asia Pacific,Singapore,37,5.78
47.74.27.94,2082,2082,false,NRT,Asia Pacific,Tokyo,116,5.77
8.218.48.92,8080,8080,false,HKG,Asia Pacific,Hong Kong,93,5.77
8.222.169.182,2082,2082,false,SIN,Asia Pacific,Singapore,6,5.77
8.210.119.11,2095,2095,false,HKG,Asia Pacific,Hong Kong,58,5.77
47.245.118.70,2053,2053,true,SIN,Asia Pacific,Singapore,41,5.77
8.222.169.182,8443,8443,true,SIN,Asia Pacific,Singapore,113,5.77
8.219.77.91,2052,2052,false,SIN,Asia Pacific,Singapore,14,5.77
47.74.7.214,2052,2052,false,NRT,Asia Pacific,Tokyo,76,5.77
8.222.168.234,2087,2087,true,SIN,Asia Pacific,Singapore,96,5.77
47.91.23.146,8880,8880,false,NRT,Asia Pacific,Tokyo,85,5.77
47.245.86.230,2083,2083,true,SIN,Asia Pacific,Singapore,110,5.76
8.219.154.107,2086,2086,false,SIN,Asia Pacific,Singapore,6,5.76
8.209.214.157,2053,2053,true,NRT,Asia Pacific,Tokyo,166,5.76
47.74.50.249,2052,2052,false,NRT,Asia Pacific,Tokyo,102,5.76
8.217.251.62,2083,2083,true,HKG,Asia Pacific,Hong Kong,94,5.76
8.219.51.211,2087,2087,true,SIN,Asia Pacific,Singapore,66,5.76
47.245.55.235,2083,2083,true,NRT,Asia Pacific,Tokyo,235,5.75
47.245.40.55,80,80,false,HKG,Asia Pacific,Hong Kong,159,5.75
47.74.26.196,2096,2096,true,HKG,Asia Pacific,Hong Kong,279,5.75
8.219.228.30,2087,2087,true,SIN,Asia Pacific,Singapore,86,5.75
8.219.174.213,80,80,false,SIN,Asia Pacific,Singapore,28,5.75
8.219.84.214,8080,8080,false,SIN,Asia Pacific,Singapore,5,5.75
47.91.29.108,2082,2082,false,NRT,Asia Pacific,Tokyo,87,5.75
47.242.234.127,8080,8080,false,HKG,Asia Pacific,Hong Kong,80,5.74
8.219.248.170,2086,2086,false,SIN,Asia Pacific,Singapore,35,5.74
47.245.15.39,2083,2083,true,NRT,Asia Pacific,Tokyo,181,5.74
8.219.237.250,2087,2087,true,SIN,Asia Pacific,Singapore,163,5.74
8.209.241.128,80,80,false,NRT,Asia Pacific,Tokyo,78,5.74
47.74.11.251,80,80,false,NRT,Asia Pacific,Tokyo,81,5.74
8.219.250.239,2087,2087,true,SIN,Asia Pacific,Singapore,50,5.73
47.236.116.208,8080,8080,false,SIN,Asia Pacific,Singapore,21,5.73
47.245.41.169,80,80,false,NRT,Asia Pacific,Tokyo,77,5.73
8.218.3.12,2096,2096,true,HKG,Asia Pacific,Hong Kong,51,5.73
8.222.144.219,80,80,false,SIN,Asia Pacific,Singapore,50,5.73
8.219.106.15,2087,2087,true,SIN,Asia Pacific,Singapore,44,5.73
8.217.251.62,2087,2087,true,HKG,Asia Pacific,Hong Kong,123,5.73
8.219.72.50,2053,2053,true,SIN,Asia Pacific,Singapore,69,5.73
8.219.124.227,2087,2087,true,SIN,Asia Pacific,Singapore,124,5.72
8.210.156.6,2052,2052,false,HKG,Asia Pacific,Hong Kong,46,5.72
8.222.187.107,2095,2095,false,SIN,Asia Pacific,Singapore,7,5.72
47.245.113.12,8880,8880,false,SIN,Asia Pacific,Singapore,15,5.72
47.74.10.135,2087,2087,true,NRT,Asia Pacific,Tokyo,156,5.72
47.76.94.15,2083,2083,true,HKG,Asia Pacific,Hong Kong,90,5.72
47.74.34.162,2083,2083,true,NRT,Asia Pacific,Tokyo,132,5.71
8.209.222.31,2082,2082,false,NRT,Asia Pacific,Tokyo,95,5.71
47.74.26.196,2096,2096,true,HKG,Asia Pacific,Hong Kong,261,5.71
47.91.23.108,2083,2083,true,NRT,Asia Pacific,Tokyo,113,5.71
47.242.176.237,2087,2087,true,HKG,Asia Pacific,Hong Kong,73,5.71
47.236.15.73,8443,8443,true,SIN,Asia Pacific,Singapore,94,5.71
47.74.46.84,2053,2053,true,NRT,Asia Pacific,Tokyo,153,5.71
8.219.250.239,2096,2096,true,SIN,Asia Pacific,Singapore,95,5.71
8.209.255.195,8880,8880,false,HKG,Asia Pacific,Hong Kong,179,5.70
8.209.243.172,2087,2087,true,NRT,Asia Pacific,Tokyo,73,5.70
8.219.13.143,2052,2052,false,SIN,Asia Pacific,Singapore,6,5.70
8.222.227.191,2052,2052,false,SIN,Asia Pacific,Singapore,16,5.69
47.236.150.109,8880,8880,false,SIN,Asia Pacific,Singapore,20,5.69
47.245.113.12,2086,2086,false,SIN,Asia Pacific,Singapore,19,5.69
47.74.49.62,2053,2053,true,NRT,Asia Pacific,Tokyo,142,5.69
8.219.101.138,2095,2095,false,SIN,Asia Pacific,Singapore,10,5.69
8.209.212.5,2087,2087,true,NRT,Asia Pacific,Tokyo,106,5.69
8.222.236.229,2086,2086,false,SIN,Asia Pacific,Singapore,11,5.69
47.245.118.197,2095,2095,false,SIN,Asia Pacific,Singapore,5,5.69
47.236.83.239,2082,2082,false,SIN,Asia Pacific,Singapore,15,5.68
47.236.144.196,8080,8080,false,SIN,Asia Pacific,Singapore,26,5.68
47.245.62.84,2052,2052,false,NRT,Asia Pacific,Tokyo,95,5.68
47.74.36.154,2053,2053,true,NRT,Asia Pacific,Tokyo,139,5.68
47.91.16.214,2086,2086,false,NRT,Asia Pacific,Tokyo,76,5.68
8.222.198.105,2082,2082,false,SIN,Asia Pacific,Singapore,10,5.67
47.245.4.22,2083,2083,true,HKG,Asia Pacific,Hong Kong,281,5.67
8.219.167.65,8443,8443,true,SIN,Asia Pacific,Singapore,64,5.67
8.222.197.251,2087,2087,true,SIN,Asia Pacific,Singapore,93,5.67
47.245.118.197,8443,8443,true,SIN,Asia Pacific,Singapore,92,5.67
47.243.161.235,8080,8080,false,HKG,Asia Pacific,Hong Kong,51,5.67
8.219.60.54,2096,2096,true,SIN,Asia Pacific,Singapore,46,5.66
8.219.237.250,2052,2052,false,SIN,Asia Pacific,Singapore,15,5.65
8.210.192.93,2087,2087,true,HKG,Asia Pacific,Hong Kong,41,5.65
8.219.112.75,8080,8080,false,SIN,Asia Pacific,Singapore,21,5.65
8.222.160.61,8880,8880,false,SIN,Asia Pacific,Singapore,24,5.65
8.219.40.255,2095,2095,false,SIN,Asia Pacific,Singapore,7,5.65
47.74.46.84,2052,2052,false,NRT,Asia Pacific,Tokyo,73,5.65
47.236.150.109,2053,2053,true,SIN,Asia Pacific,Singapore,62,5.65
47.74.26.131,8443,8443,true,NRT,Asia Pacific,Tokyo,133,5.65
47.245.118.197,8080,8080,false,SIN,Asia Pacific,Singapore,30,5.64
8.210.151.69,2083,2083,true,HKG,Asia Pacific,Hong Kong,115,5.64
8.217.149.28,2096,2096,true,HKG,Asia Pacific,Hong Kong,117,5.64
8.222.137.178,2086,2086,false,SIN,Asia Pacific,Singapore,37,5.64
8.222.212.219,2083,2083,true,SIN,Asia Pacific,Singapore,93,5.64
8.219.13.143,2082,2082,false,SIN,Asia Pacific,Singapore,9,5.64
47.245.33.163,80,80,false,NRT,Asia Pacific,Tokyo,88,5.64
8.222.229.22,2083,2083,true,SIN,Asia Pacific,Singapore,114,5.64
8.217.167.88,2095,2095,false,HKG,Asia Pacific,Hong Kong,45,5.64
8.219.178.101,80,80,false,SIN,Asia Pacific,Singapore,4,5.63
8.219.142.229,2053,2053,true,SIN,Asia Pacific,Singapore,20,5.63
8.219.122.96,2082,2082,false,SIN,Asia Pacific,Singapore,11,5.63
47.74.15.117,2086,2086,false,NRT,Asia Pacific,Tokyo,109,5.63
8.222.154.50,2086,2086,false,SIN,Asia Pacific,Singapore,16,5.63
8.222.210.182,2082,2082,false,SIN,Asia Pacific,Singapore,6,5.63
8.219.5.10,2083,2083,true,SIN,Asia Pacific,Singapore,68,5.63
8.219.0.162,2086,2086,false,SIN,Asia Pacific,Singapore,5,5.63
47.245.4.22,80,80,false,HKG,Asia Pacific,Hong Kong,174,5.63
47.242.155.183,2053,2053,true,HKG,Asia Pacific,Hong Kong,42,5.63
47.236.4.129,2087,2087,true,SIN,Asia Pacific,Singapore,69,5.63
47.245.108.213,2095,2095,false,SIN,Asia Pacific,Singapore,17,5.63
47.245.62.84,2087,2087,true,NRT,Asia Pacific,Tokyo,158,5.62
8.210.250.120,8880,8880,false,HKG,Asia Pacific,Hong Kong,78,5.62
8.219.198.34,80,80,false,SIN,Asia Pacific,Singapore,10,5.62
47.236.79.77,2053,2053,true,SIN,Asia Pacific,Singapore,84,5.62
47.74.18.121,2052,2052,false,NRT,Asia Pacific,Tokyo,90,5.62
47.74.15.120,2096,2096,true,NRT,Asia Pacific,Tokyo,106,5.62
47.74.13.66,2083,2083,true,NRT,Asia Pacific,Tokyo,221,5.62
8.222.187.107,8443,8443,true,SIN,Asia Pacific,Singapore,100,5.61
47.236.7.13,2096,2096,true,SIN,Asia Pacific,Singapore,65,5.61
8.209.240.229,80,80,false,NRT,Asia Pacific,Tokyo,77,5.61
47.74.18.121,2095,2095,false,NRT,Asia Pacific,Tokyo,78,5.61
47.245.54.98,2096,2096,true,NRT,Asia Pacific,Tokyo,167,5.61
47.245.52.153,2052,2052,false,NRT,Asia Pacific,Tokyo,81,5.61
8.219.129.38,2086,2086,false,SIN,Asia Pacific,Singapore,7,5.61
47.74.36.154,2052,2052,false,NRT,Asia Pacific,Tokyo,79,5.61
47.236.116.182,443,443,true,SIN,Asia Pacific,Singapore,77,5.60
47.242.174.27,2083,2083,true,HKG,Asia Pacific,Hong Kong,92,5.60
47.74.5.150,8880,8880,false,NRT,Asia Pacific,Tokyo,82,5.60
47.245.32.215,8080,8080,false,NRT,Asia Pacific,Tokyo,78,5.59
8.217.159.210,8443,8443,true,HKG,Asia Pacific,Hong Kong,44,5.59
8.222.237.131,2083,2083,true,SIN,Asia Pacific,Singapore,144,5.59
8.219.220.88,2095,2095,false,SIN,Asia Pacific,Singapore,5,5.59
47.236.4.129,8443,8443,true,SIN,Asia Pacific,Singapore,103,5.59
47.245.26.167,2087,2087,true,NRT,Asia Pacific,Tokyo,129,5.59
47.236.116.26,2083,2083,true,SIN,Asia Pacific,Singapore,90,5.59
8.222.227.191,2083,2083,true,SIN,Asia Pacific,Singapore,60,5.59
47.91.17.102,2083,2083,true,NRT,Asia Pacific,Tokyo,116,5.58
8.219.111.175,2095,2095,false,SIN,Asia Pacific,Singapore,7,5.58
8.222.169.182,2087,2087,true,SIN,Asia Pacific,Singapore,138,5.58
47.236.148.174,2083,2083,true,SIN,Asia Pacific,Singapore,26,5.58
8.210.9.129,8080,8080,false,HKG,Asia Pacific,Hong Kong,84,5.57
47.245.54.197,2083,2083,true,NRT,Asia Pacific,Tokyo,202,5.57
8.219.172.128,8080,8080,false,SIN,Asia Pacific,Singapore,14,5.57
47.245.37.29,2082,2082,false,NRT,Asia Pacific,Tokyo,79,5.57
8.210.245.224,2052,2052,false,HKG,Asia Pacific,Hong Kong,87,5.57
8.222.138.164,80,80,false,SIN,Asia Pacific,Singapore,27,5.56
47.245.15.207,80,80,false,NRT,Asia Pacific,Tokyo,73,5.56
8.210.156.6,2052,2052,false,HKG,Asia Pacific,Hong Kong,43,5.56
8.222.131.102,2082,2082,false,SIN,Asia Pacific,Singapore,56,5.56
47.245.11.62,2087,2087,true,NRT,Asia Pacific,Tokyo,149,5.56
8.222.164.44,8080,8080,false,SIN,Asia Pacific,Singapore,7,5.56
47.236.148.174,8080,8080,false,SIN,Asia Pacific,Singapore,30,5.56
47.74.39.194,8443,8443,true,NRT,Asia Pacific,Tokyo,96,5.56
47.74.39.96,8080,8080,false,NRT,Asia Pacific,Tokyo,88,5.55
8.219.196.117,2095,2095,false,SIN,Asia Pacific,Singapore,16,5.55
47.76.37.57,2096,2096,true,HKG,Asia Pacific,Hong Kong,88,5.55
47.74.50.249,8443,8443,true,NRT,Asia Pacific,Tokyo,104,5.55
8.222.187.107,8080,8080,false,SIN,Asia Pacific,Singapore,12,5.55
8.222.229.102,2096,2096,true,SIN,Asia Pacific,Singapore,100,5.55
47.245.33.163,8880,8880,false,NRT,Asia Pacific,Tokyo,85,5.55
8.222.224.163,2053,2053,true,SIN,Asia Pacific,Singapore,157,5.55
47.245.39.49,8880,8880,false,HKG,Asia Pacific,Hong Kong,161,5.55
47.245.55.99,2095,2095,false,NRT,Asia Pacific,Tokyo,84,5.55
8.219.72.50,2053,2053,true,SIN,Asia Pacific,Singapore,105,5.55
8.209.241.128,2082,2082,false,NRT,Asia Pacific,Tokyo,87,5.55
47.245.40.161,2086,2086,false,NRT,Asia Pacific,Tokyo,78,5.55
8.219.67.133,2087,2087,true,SIN,Asia Pacific,Singapore,41,5.54
47.236.148.174,2096,2096,true,SIN,Asia Pacific,Singapore,30,5.54
8.219.206.180,8080,8080,false,SIN,Asia Pacific,Singapore,17,5.54
8.210.55.134,8080,8080,false,HKG,Asia Pacific,Hong Kong,127,5.54
8.219.228.157,2087,2087,true,SIN,Asia Pacific,Singapore,100,5.54
47.245.80.142,2087,2087,true,SIN,Asia Pacific,Singapore,118,5.54
8.222.215.228,8080,8080,false,SIN,Asia Pacific,Singapore,15,5.54
47.236.7.206,2096,2096,true,SIN,Asia Pacific,Singapore,87,5.53
47.242.155.183,2086,2086,false,HKG,Asia Pacific,Hong Kong,38,5.53
8.219.121.24,8880,8880,false,SIN,Asia Pacific,Singapore,8,5.53
47.245.118.70,2083,2083,true,SIN,Asia Pacific,Singapore,69,5.53
47.91.20.88,2082,2082,false,NRT,Asia Pacific,Tokyo,86,5.53
8.219.245.187,2082,2082,false,SIN,Asia Pacific,Singapore,13,5.53
8.222.249.190,80,80,false,SIN,Asia Pacific,Singapore,17,5.53
47.74.26.196,2053,2053,true,HKG,Asia Pacific,Hong Kong,254,5.52
8.219.198.139,8880,8880,false,SIN,Asia Pacific,Singapore,6,5.52
47.245.54.140,2082,2082,false,NRT,Asia Pacific,Tokyo,90,5.52
8.219.106.15,443,443,true,SIN,Asia Pacific,Singapore,88,5.52
8.219.74.35,8443,8443,true,SIN,Asia Pacific,Singapore,93,5.51
47.245.7.212,2053,2053,true,NRT,Asia Pacific,Tokyo,240,5.51
47.245.58.175,2096,2096,true,NRT,Asia Pacific,Tokyo,144,5.51
8.210.146.108,8880,8880,false,HKG,Asia Pacific,Hong Kong,53,5.51
8.222.144.219,2082,2082,false,SIN,Asia Pacific,Singapore,5,5.51
47.236.87.246,2095,2095,false,SIN,Asia Pacific,Singapore,26,5.51
8.219.235.164,2052,2052,false,SIN,Asia Pacific,Singapore,8,5.51
8.219.84.214,2087,2087,true,SIN,Asia Pacific,Singapore,63,5.50
47.74.46.84,2082,2082,false,NRT,Asia Pacific,Tokyo,92,5.50
47.236.97.90,2096,2096,true,SIN,Asia Pacific,Singapore,84,5.50
8.217.159.210,2096,2096,true,HKG,Asia Pacific,Hong Kong,89,5.50
47.236.123.133,2052,2052,false,SIN,Asia Pacific,Singapore,23,5.50
47.76.146.1,8080,8080,false,HKG,Asia Pacific,Hong Kong,43,5.50
8.217.207.60,2096,2096,true,HKG,Asia Pacific,Hong Kong,58,5.50
8.222.175.78,2082,2082,false,SIN,Asia Pacific,Singapore,45,5.49
47.245.56.29,8443,8443,true,NRT,Asia Pacific,Tokyo,210,5.49
8.222.208.83,8880,8880,false,SIN,Asia Pacific,Singapore,17,5.49
8.222.253.235,2082,2082,false,SIN,Asia Pacific,Singapore,11,5.49
47.76.146.1,8443,8443,true,HKG,Asia Pacific,Hong Kong,118,5.49
47.74.54.33,2052,2052,false,NRT,Asia Pacific,Tokyo,74,5.49
47.74.42.111,2082,2082,false,NRT,Asia Pacific,Tokyo,74,5.49
8.219.78.1,2082,2082,false,SIN,Asia Pacific,Singapore,7,5.48
8.218.22.210,80,80,false,HKG,Asia Pacific,Hong Kong,93,5.48
47.76.146.1,2087,2087,true,HKG,Asia Pacific,Hong Kong,128,5.48
8.219.55.31,2052,2052,false,SIN,Asia Pacific,Singapore,7,5.48
8.217.85.14,443,443,true,HKG,Asia Pacific,Hong Kong,98,5.48
8.210.245.224,2086,2086,false,HKG,Asia Pacific,Hong Kong,143,5.48
8.222.180.242,2095,2095,false,SIN,Asia Pacific,Singapore,44,5.48
8.222.224.162,80,80,false,SIN,Asia Pacific,Singapore,27,5.47
47.76.77.103,2086,2086,false,HKG,Asia Pacific,Hong Kong,88,5.47
47.242.79.71,2082,2082,false,HKG,Asia Pacific,Hong Kong,99,5.47
47.74.43.95,2083,2083,true,NRT,Asia Pacific,Tokyo,113,5.47
8.219.3.53,2053,2053,true,SIN,Asia Pacific,Singapore,47,5.47
8.210.107.246,2096,2096,true,HKG,Asia Pacific,Hong Kong,86,5.47
47.245.59.244,80,80,false,NRT,Asia Pacific,Tokyo,73,5.47
47.242.174.27,2082,2082,false,HKG,Asia Pacific,Hong Kong,42,5.47
47.245.54.197,8080,8080,false,NRT,Asia Pacific,Tokyo,76,5.47
47.74.11.219,2096,2096,true,NRT,Asia Pacific,Tokyo,152,5.47
47.91.17.102,8080,8080,false,NRT,Asia Pacific,Tokyo,112,5.46
8.219.238.145,2086,2086,false,SIN,Asia Pacific,Singapore,15,5.46
8.219.230.254,2095,2095,false,SIN,Asia Pacific,Singapore,34,5.46
8.210.9.129,2052,2052,false,HKG,Asia Pacific,Hong Kong,137,5.46
8.218.48.92,8443,8443,true,HKG,Asia Pacific,Hong Kong,87,5.46
47.243.42.219,80,80,false,HKG,Asia Pacific,Hong Kong,87,5.46
47.74.42.17,2086,2086,false,NRT,Asia Pacific,Tokyo,91,5.46
8.222.248.188,2087,2087,true,SIN,Asia Pacific,Singapore,66,5.45
47.245.40.55,2086,2086,false,HKG,Asia Pacific,Hong Kong,180,5.45
8.219.151.193,8443,8443,true,SIN,Asia Pacific,Singapore,128,5.45
8.222.210.182,2086,2086,false,SIN,Asia Pacific,Singapore,12,5.45
47.242.54.157,2086,2086,false,HKG,Asia Pacific,Hong Kong,128,5.45
47.91.21.149,8443,8443,true,NRT,Asia Pacific,Tokyo,106,5.44
8.219.100.168,8080,8080,false,SIN,Asia Pacific,Singapore,12,5.44
47.74.41.136,2053,2053,true,NRT,Asia Pacific,Tokyo,142,5.44
47.91.19.249,2082,2082,false,NRT,Asia Pacific,Tokyo,102,5.44
8.218.8.142,2082,2082,false,HKG,Asia Pacific,Hong Kong,126,5.43
8.222.193.65,2052,2052,false,SIN,Asia Pacific,Singapore,34,5.43
8.219.50.180,2082,2082,false,SIN,Asia Pacific,Singapore,6,5.43
47.236.99.131,2083,2083,true,SIN,Asia Pacific,Singapore,67,5.43
8.219.103.126,8443,8443,true,SIN,Asia Pacific,Singapore,61,5.43
47.74.49.62,2087,2087,true,NRT,Asia Pacific,Tokyo,139,5.43
8.222.153.11,2083,2083,true,SIN,Asia Pacific,Singapore,126,5.43
8.217.221.165,2083,2083,true,HKG,Asia Pacific,Hong Kong,68,5.42
47.245.30.65,2086,2086,false,NRT,Asia Pacific,Tokyo,74,5.42
47.91.16.198,2083,2083,true,NRT,Asia Pacific,Tokyo,153,5.42
8.218.48.92,2053,2053,true,HKG,Asia Pacific,Hong Kong,50,5.42
8.222.164.44,80,80,false,SIN,Asia Pacific,Singapore,12,5.42
8.219.77.91,8080,8080,false,SIN,Asia Pacific,Singapore,7,5.42
47.74.36.154,8880,8880,false,NRT,Asia Pacific,Tokyo,82,5.42
47.74.5.99,80,80,false,NRT,Asia Pacific,Tokyo,85,5.41
8.222.140.185,80,80,false,SIN,Asia Pacific,Singapore,14,5.41
8.219.5.10,2095,2095,false,SIN,Asia Pacific,Singapore,2,5.41
47.245.54.197,8443,8443,true,NRT,Asia Pacific,Tokyo,212,5.41
8.222.227.191,8443,8443,true,SIN,Asia Pacific,Singapore,127,5.41
47.245.6.9,2083,2083,true,HKG,Asia Pacific,Hong Kong,241,5.41
8.219.245.187,2083,2083,true,SIN,Asia Pacific,Singapore,95,5.41
47.74.5.233,2052,2052,false,NRT,Asia Pacific,Tokyo,73,5.41
47.245.55.94,2053,2053,true,NRT,Asia Pacific,Tokyo,202,5.40
47.74.42.111,2087,2087,true,NRT,Asia Pacific,Tokyo,82,5.40
8.222.187.4,8880,8880,false,SIN,Asia Pacific,Singapore,29,5.40
47.91.23.108,8443,8443,true,NRT,Asia Pacific,Tokyo,155,5.40
47.91.23.146,2082,2082,false,NRT,Asia Pacific,Tokyo,72,5.40
47.245.126.151,8880,8880,false,SIN,Asia Pacific,Singapore,12,5.40
8.218.52.115,2086,2086,false,HKG,Asia Pacific,Hong Kong,38,5.40
47.74.54.33,80,80,false,NRT,Asia Pacific,Tokyo,85,5.40
47.245.42.162,8880,8880,false,NRT,Asia Pacific,Tokyo,86,5.40
8.219.202.130,2095,2095,false,SIN,Asia Pacific,Singapore,11,5.40
47.74.34.73,8443,8443,true,NRT,Asia Pacific,Tokyo,133,5.39
47.245.14.160,2083,2083,true,NRT,Asia Pacific,Tokyo,254,5.39
47.236.19.51,8880,8880,false,SIN,Asia Pacific,Singapore,27,5.39
47.236.4.129,2053,2053,true,SIN,Asia Pacific,Singapore,79,5.39
8.222.222.64,2086,2086,false,SIN,Asia Pacific,Singapore,7,5.39
8.209.214.157,2095,2095,false,NRT,Asia Pacific,Tokyo,89,5.39
8.219.173.195,2095,2095,false,SIN,Asia Pacific,Singapore,14,5.38
47.243.70.197,8880,8880,false,HKG,Asia Pacific,Hong Kong,36,5.38
8.222.167.147,2096,2096,true,SIN,Asia Pacific,Singapore,139,5.38
8.209.242.25,8443,8443,true,NRT,Asia Pacific,Tokyo,138,5.38
8.218.8.142,8880,8880,false,HKG,Asia Pacific,Hong Kong,91,5.38
47.74.52.188,8880,8880,false,NRT,Asia Pacific,Tokyo,82,5.37
8.222.255.15,2082,2082,false,SIN,Asia Pacific,Singapore,10,5.37
8.219.196.24,2083,2083,true,SIN,Asia Pacific,Singapore,97,5.37
8.222.226.15,2083,2083,true,SIN,Asia Pacific,Singapore,104,5.37
8.222.252.150,8443,8443,true,SIN,Asia Pacific,Singapore,117,5.37
8.219.173.239,2052,2052,false,SIN,Asia Pacific,Singapore,11,5.37
8.219.99.8,2095,2095,false,SIN,Asia Pacific,Singapore,6,5.37
47.91.29.108,2083,2083,true,NRT,Asia Pacific,Tokyo,120,5.37
8.219.13.143,8080,8080,false,SIN,Asia Pacific,Singapore,17,5.37
8.222.219.34,8080,8080,false,SIN,Asia Pacific,Singapore,7,5.37
47.74.34.162,2082,2082,false,NRT,Asia Pacific,Tokyo,97,5.36
47.74.6.16,2096,2096,true,NRT,Asia Pacific,Tokyo,129,5.36
8.219.101.138,2096,2096,true,SIN,Asia Pacific,Singapore,39,5.36
8.222.249.190,8080,8080,false,SIN,Asia Pacific,Singapore,14,5.36
8.218.52.115,2052,2052,false,HKG,Asia Pacific,Hong Kong,104,5.35
8.219.82.177,2052,2052,false,SIN,Asia Pacific,Singapore,23,5.35
47.245.54.58,2052,2052,false,NRT,Asia Pacific,Tokyo,91,5.35
8.210.9.129,80,80,false,HKG,Asia Pacific,Hong Kong,34,5.35
47.245.114.163,80,80,false,SIN,Asia Pacific,Singapore,14,5.35
8.219.253.18,2053,2053,true,SIN,Asia Pacific,Singapore,119,5.35
8.217.159.210,443,443,true,HKG,Asia Pacific,Hong Kong,66,5.35
47.236.7.13,2052,2052,false,SIN,Asia Pacific,Singapore,29,5.35
47.91.18.207,2083,2083,true,NRT,Asia Pacific,Tokyo,94,5.34
47.74.8.238,2086,2086,false,NRT,Asia Pacific,Tokyo,92,5.34
47.74.15.120,8880,8880,false,NRT,Asia Pacific,Tokyo,80,5.34
8.210.107.246,8080,8080,false,HKG,Asia Pacific,Hong Kong,49,5.33
8.222.150.197,80,80,false,SIN,Asia Pacific,Singapore,30,5.33
8.219.53.222,8443,8443,true,SIN,Asia Pacific,Singapore,25,5.33
47.242.155.183,8443,8443,true,HKG,Asia Pacific,Hong Kong,46,5.33
47.236.4.129,80,80,false,SIN,Asia Pacific,Singapore,349,5.33
47.74.52.104,2095,2095,false,NRT,Asia Pacific,Tokyo,94,5.33
8.222.252.150,2086,2086,false,SIN,Asia Pacific,Singapore,21,5.33
47.74.52.188,2083,2083,true,NRT,Asia Pacific,Tokyo,110,5.33
8.219.228.186,8880,8880,false,SIN,Asia Pacific,Singapore,10,5.33
47.242.234.127,8880,8880,false,HKG,Asia Pacific,Hong Kong,42,5.33
47.236.148.174,2053,2053,true,SIN,Asia Pacific,Singapore,52,5.32
8.222.255.15,8443,8443,true,SIN,Asia Pacific,Singapore,71,5.32
47.245.59.243,2052,2052,false,NRT,Asia Pacific,Tokyo,125,5.32
47.74.41.87,2096,2096,true,NRT,Asia Pacific,Tokyo,129,5.31
47.74.23.99,2096,2096,true,NRT,Asia Pacific,Tokyo,120,5.31
47.245.37.12,8880,8880,false,NRT,Asia Pacific,Tokyo,98,5.31
8.222.180.86,2083,2083,true,SIN,Asia Pacific,Singapore,115,5.31
47.245.40.55,8080,8080,false,HKG,Asia Pacific,Hong Kong,168,5.31
47.74.41.87,80,80,false,NRT,Asia Pacific,Tokyo,80,5.31
8.210.65.1,2052,2052,false,HKG,Asia Pacific,Hong Kong,34,5.31
47.74.5.150,2053,2053,true,NRT,Asia Pacific,Tokyo,184,5.31
47.245.4.22,2086,2086,false,HKG,Asia Pacific,Hong Kong,161,5.31
8.219.201.245,2052,2052,false,SIN,Asia Pacific,Singapore,14,5.30
8.219.100.168,2096,2096,true,SIN,Asia Pacific,Singapore,86,5.30
8.219.210.226,2095,2095,false,SIN,Asia Pacific,Singapore,8,5.30
47.245.59.243,2052,2052,false,NRT,Asia Pacific,Tokyo,91,5.30
47.91.17.102,2096,2096,true,NRT,Asia Pacific,Tokyo,106,5.30
47.74.16.255,80,80,false,NRT,Asia Pacific,Tokyo,79,5.30
47.245.39.49,2096,2096,true,HKG,Asia Pacific,Hong Kong,263,5.30
8.210.245.224,2053,2053,true,HKG,Asia Pacific,Hong Kong,61,5.29
47.245.62.84,80,80,false,NRT,Asia Pacific,Tokyo,74,5.29
8.219.100.155,2095,2095,false,SIN,Asia Pacific,Singapore,18,5.29
8.222.221.197,2083,2083,true,SIN,Asia Pacific,Singapore,117,5.29
8.219.170.180,2082,2082,false,SIN,Asia Pacific,Singapore,16,5.29
8.219.122.96,2053,2053,true,SIN,Asia Pacific,Singapore,108,5.28
47.242.79.71,443,443,true,HKG,Asia Pacific,Hong Kong,35,5.27
8.209.212.5,2083,2083,true,NRT,Asia Pacific,Tokyo,77,5.27
47.91.21.107,2083,2083,true,NRT,Asia Pacific,Tokyo,130,5.27
47.236.117.48,443,443,true,SIN,Asia Pacific,Singapore,96,5.27
47.245.37.89,2053,2053,true,NRT,Asia Pacific,Tokyo,203,5.27
8.219.12.152,8080,8080,false,SIN,Asia Pacific,Singapore,2,5.27
8.209.212.5,2095,2095,false,NRT,Asia Pacific,Tokyo,106,5.27
47.245.42.210,2052,2052,false,NRT,Asia Pacific,Tokyo,73,5.26
8.219.98.13,2052,2052,false,SIN,Asia Pacific,Singapore,39,5.26
8.222.137.166,8880,8880,false,SIN,Asia Pacific,Singapore,11,5.26
8.219.198.139,2095,2095,false,SIN,Asia Pacific,Singapore,12,5.26
8.210.192.93,2095,2095,false,HKG,Asia Pacific,Hong Kong,41,5.26
47.243.161.235,2052,2052,false,HKG,Asia Pacific,Hong Kong,77,5.26
47.245.56.29,8080,8080,false,NRT,Asia Pacific,Tokyo,85,5.26
8.219.228.157,8080,8080,false,SIN,Asia Pacific,Singapore,29,5.26
8.210.107.246,2095,2095,false,HKG,Asia Pacific,Hong Kong,48,5.26
8.210.151.69,8080,8080,false,HKG,Asia Pacific,Hong Kong,47,5.26
47.74.16.67,2087,2087,true,NRT,Asia Pacific,Tokyo,120,5.25
8.222.180.86,2087,2087,true,SIN,Asia Pacific,Singapore,32,5.25
8.219.213.112,443,443,true,SIN,Asia Pacific,Singapore,67,5.25
47.74.4.179,2082,2082,false,NRT,Asia Pacific,Tokyo,86,5.25
47.245.3.137,8080,8080,false,NRT,Asia Pacific,Tokyo,75,5.25
47.243.42.219,8080,8080,false,HKG,Asia Pacific,Hong Kong,83,5.25
47.74.5.150,2052,2052,false,NRT,Asia Pacific,Tokyo,98,5.25
47.74.15.117,80,80,false,NRT,Asia Pacific,Tokyo,90,5.25
8.222.167.8,2087,2087,true,SIN,Asia Pacific,Singapore,125,5.25
8.222.167.147,2096,2096,true,SIN,Asia Pacific,Singapore,40,5.25
8.210.151.69,2086,2086,false,HKG,Asia Pacific,Hong Kong,92,5.24
8.222.164.44,2083,2083,true,SIN,Asia Pacific,Singapore,89,5.24
8.209.243.172,2052,2052,false,NRT,Asia Pacific,Tokyo,98,5.24
8.222.164.209,2096,2096,true,SIN,Asia Pacific,Singapore,118,5.24
8.219.208.69,8880,8880,false,SIN,Asia Pacific,Singapore,20,5.24
47.74.36.154,80,80,false,NRT,Asia Pacific,Tokyo,79,5.24
8.222.219.34,2087,2087,true,SIN,Asia Pacific,Singapore,72,5.24
8.210.156.6,80,80,false,HKG,Asia Pacific,Hong Kong,123,5.24
47.245.54.58,2082,2082,false,NRT,Asia Pacific,Tokyo,78,5.24
47.243.162.49,80,80,false,HKG,Asia Pacific,Hong Kong,42,5.24
8.222.167.8,2082,2082,false,SIN,Asia Pacific,Singapore,28,5.24
47.74.10.135,2082,2082,false,NRT,Asia Pacific,Tokyo,73,5.24
8.217.91.121,2095,2095,false,HKG,Asia Pacific,Hong Kong,53,5.23
8.209.212.5,2086,2086,false,NRT,Asia Pacific,Tokyo,73,5.23
8.219.72.51,2052,2052,false,SIN,Asia Pacific,Singapore,6,5.23
47.245.52.240,8880,8880,false,NRT,Asia Pacific,Tokyo,106,5.23
8.219.201.245,2082,2082,false,SIN,Asia Pacific,Singapore,9,5.23
8.219.251.81,2053,2053,true,SIN,Asia Pacific,Singapore,73,5.23
8.219.202.130,2083,2083,true,SIN,Asia Pacific,Singapore,80,5.23
47.242.176.237,2082,2082,false,HKG,Asia Pacific,Hong Kong,40,5.22
8.219.111.175,2087,2087,true,SIN,Asia Pacific,Singapore,82,5.22
47.74.46.84,8080,8080,false,NRT,Asia Pacific,Tokyo,73,5.22
8.222.140.87,2087,2087,true,SIN,Asia Pacific,Singapore,107,5.21
47.74.27.151,2087,2087,true,NRT,Asia Pacific,Tokyo,234,5.21
8.217.91.121,8443,8443,true,HKG,Asia Pacific,Hong Kong,88,5.21
47.242.176.237,8080,8080,false,HKG,Asia Pacific,Hong Kong,97,5.21
8.210.65.1,80,80,false,HKG,Asia Pacific,Hong Kong,42,5.20
8.219.107.199,2096,2096,true,SIN,Asia Pacific,Singapore,115,5.20
47.74.9.174,2083,2083,true,NRT,Asia Pacific,Tokyo,90,5.20
47.245.56.29,2052,2052,false,NRT,Asia Pacific,Tokyo,93,5.20
47.76.146.1,2095,2095,false,HKG,Asia Pacific,Hong Kong,42,5.20
47.245.33.56,80,80,false,NRT,Asia Pacific,Tokyo,93,5.19
8.222.137.166,80,80,false,SIN,Asia Pacific,Singapore,18,5.19
47.245.54.58,2087,2087,true,NRT,Asia Pacific,Tokyo,159,5.19
47.236.7.13,8880,8880,false,SIN,Asia Pacific,Singapore,37,5.19
8.222.180.242,80,80,false,SIN,Asia Pacific,Singapore,17,5.19
47.76.94.15,8443,8443,true,HKG,Asia Pacific,Hong Kong,47,5.19
8.222.254.91,80,80,false,SIN,Asia Pacific,Singapore,7,5.19
8.217.49.34,8080,8080,false,HKG,Asia Pacific,Hong Kong,39,5.19
47.245.57.109,2083,2083,true,NRT,Asia Pacific,Tokyo,194,5.19
47.245.115.6,2095,2095,false,SIN,Asia Pacific,Singapore,20,5.18
8.209.248.161,2096,2096,true,NRT,Asia Pacific,Tokyo,117,5.18
47.74.34.51,2086,2086,false,NRT,Asia Pacific,Tokyo,77,5.18
8.217.147.230,2096,2096,true,HKG,Asia Pacific,Hong Kong,56,5.18
47.74.50.249,2082,2082,false,NRT,Asia Pacific,Tokyo,76,5.18
8.222.169.182,2096,2096,true,SIN,Asia Pacific,Singapore,94,5.17
47.245.54.197,2096,2096,true,NRT,Asia Pacific,Tokyo,185,5.17
47.245.39.49,2052,2052,false,HKG,Asia Pacific,Hong Kong,196,5.17
8.219.241.189,2082,2082,false,SIN,Asia Pacific,Singapore,12,5.17
8.219.247.203,2053,2053,true,SIN,Asia Pacific,Singapore,106,5.17
47.91.18.207,2087,2087,true,NRT,Asia Pacific,Tokyo,147,5.17
47.236.5.223,2082,2082,false,SIN,Asia Pacific,Singapore,39,5.17
8.222.237.131,2086,2086,false,SIN,Asia Pacific,Singapore,58,5.17
47.245.8.68,2083,2083,true,NRT,Asia Pacific,Tokyo,198,5.16
8.222.137.178,8080,8080,false,SIN,Asia Pacific,Singapore,53,5.16
47.74.11.9,2083,2083,true,NRT,Asia Pacific,Tokyo,152,5.16
8.209.243.99,8443,8443,true,NRT,Asia Pacific,Tokyo,100,5.16
47.74.39.96,2086,2086,false,NRT,Asia Pacific,Tokyo,75,5.16
8.222.212.172,80,80,false,SIN,Asia Pacific,Singapore,10,5.16
8.210.146.108,2086,2086,false,HKG,Asia Pacific,Hong Kong,40,5.15
47.74.43.95,2095,2095,false,NRT,Asia Pacific,Tokyo,84,5.15
8.219.60.54,443,443,true,SIN,Asia Pacific,Singapore,58,5.15
8.222.255.15,2087,2087,true,SIN,Asia Pacific,Singapore,101,5.15
47.245.6.9,2087,2087,true,HKG,Asia Pacific,Hong Kong,249,5.15
47.236.104.11,2096,2096,true,SIN,Asia Pacific,Singapore,125,5.15
8.209.243.172,2053,2053,true,NRT,Asia Pacific,Tokyo,83,5.15
8.222.144.117,2052,2052,false,SIN,Asia Pacific,Singapore,7,5.14
47.245.38.233,8880,8880,false,NRT,Asia Pacific,Tokyo,73,5.14
47.245.38.233,2052,2052,false,NRT,Asia Pacific,Tokyo,75,5.14
8.222.227.191,2096,2096,true,SIN,Asia Pacific,Singapore,74,5.14
47.245.39.49,2082,2082,false,HKG,Asia Pacific,Hong Kong,160,5.14
47.245.37.37,2095,2095,false,NRT,Asia Pacific,Tokyo,83,5.14
8.209.243.99,8880,8880,false,NRT,Asia Pacific,Tokyo,78,5.14
8.222.129.32,2095,2095,false,SIN,Asia Pacific,Singapore,28,5.14
47.245.34.140,2086,2086,false,NRT,Asia Pacific,Tokyo,89,5.13
8.218.65.237,8080,8080,false,HKG,Asia Pacific,Hong Kong,41,5.13
47.236.116.182,8443,8443,true,SIN,Asia Pacific,Singapore,111,5.13
8.217.221.165,2086,2086,false,HKG,Asia Pacific,Hong Kong,102,5.13
47.91.29.174,8080,8080,false,NRT,Asia Pacific,Tokyo,74,5.13
8.209.243.99,2083,2083,true,NRT,Asia Pacific,Tokyo,84,5.13
47.74.11.9,8080,8080,false,NRT,Asia Pacific,Tokyo,88,5.13
8.219.111.175,2096,2096,true,SIN,Asia Pacific,Singapore,102,5.13
47.245.28.255,8443,8443,true,NRT,Asia Pacific,Tokyo,215,5.13
47.74.45.143,2096,2096,true,NRT,Asia Pacific,Tokyo,112,5.12
8.217.250.222,8443,8443,true,HKG,Asia Pacific,Hong Kong,51,5.12
8.222.222.64,2086,2086,false,SIN,Asia Pacific,Singapore,9,5.12
8.209.242.25,2087,2087,true,NRT,Asia Pacific,Tokyo,99,5.12
47.74.39.96,2095,2095,false,NRT,Asia Pacific,Tokyo,91,5.12
47.245.33.163,2087,2087,true,NRT,Asia Pacific,Tokyo,310,5.12
8.222.252.150,2083,2083,true,SIN,Asia Pacific,Singapore,105,5.12
8.219.170.223,2095,2095,false,SIN,Asia Pacific,Singapore,6,5.11
47.245.59.188,2053,2053,true,NRT,Asia Pacific,Tokyo,204,5.11
8.209.214.157,8080,8080,false,NRT,Asia Pacific,Tokyo,80,5.11
8.222.140.87,2083,2083,true,SIN,Asia Pacific,Singapore,87,5.11
47.74.12.139,8880,8880,false,NRT,Asia Pacific,Tokyo,96,5.11
47.74.13.94,2096,2096,true,NRT,Asia Pacific,Tokyo,136,5.11
8.210.55.134,2053,2053,true,HKG,Asia Pacific,Hong Kong,123,5.11
8.222.144.117,2053,2053,true,SIN,Asia Pacific,Singapore,110,5.11
47.74.5.233,2083,2083,true,NRT,Asia Pacific,Tokyo,192,5.11
8.222.221.109,80,80,false,SIN,Asia Pacific,Singapore,24,5.10
8.210.250.120,2083,2083,true,HKG,Asia Pacific,Hong Kong,112,5.10
8.222.213.221,2083,2083,true,SIN,Asia Pacific,Singapore,101,5.10
47.74.11.219,2083,2083,true,NRT,Asia Pacific,Tokyo,241,5.10
8.210.65.1,2096,2096,true,HKG,Asia Pacific,Hong Kong,46,5.10
8.222.213.221,8880,8880,false,SIN,Asia Pacific,Singapore,8,5.10
47.74.4.47,2095,2095,false,NRT,Asia Pacific,Tokyo,79,5.10
47.74.15.80,2053,2053,true,NRT,Asia Pacific,Tokyo,81,5.10
47.74.49.62,80,80,false,NRT,Asia Pacific,Tokyo,87,5.10
47.91.29.174,2095,2095,false,NRT,Asia Pacific,Tokyo,80,5.09
8.210.156.6,2082,2082,false,HKG,Asia Pacific,Hong Kong,80,5.09
47.245.59.244,2087,2087,true,NRT,Asia Pacific,Tokyo,197,5.09
8.219.240.160,2096,2096,true,SIN,Asia Pacific,Singapore,239,5.09
8.219.73.21,8880,8880,false,SIN,Asia Pacific,Singapore,37,5.09
47.74.52.188,2086,2086,false,NRT,Asia Pacific,Tokyo,76,5.09
47.74.23.99,8080,8080,false,NRT,Asia Pacific,Tokyo,95,5.09
47.74.6.16,2052,2052,false,NRT,Asia Pacific,Tokyo,87,5.09
8.210.151.69,2082,2082,false,HKG,Asia Pacific,Hong Kong,124,5.09
8.219.204.120,2086,2086,false,SIN,Asia Pacific,Singapore,21,5.09
8.219.106.156,8080,8080,false,SIN,Asia Pacific,Singapore,11,5.09
8.219.236.8,2052,2052,false,SIN,Asia Pacific,Singapore,5,5.08
8.209.222.232,2082,2082,false,HKG,Asia Pacific,Hong Kong,170,5.08
8.219.114.201,8443,8443,true,SIN,Asia Pacific,Singapore,97,5.08
8.222.224.163,2086,2086,false,SIN,Asia Pacific,Singapore,9,5.08
47.245.33.163,2086,2086,false,NRT,Asia Pacific,Tokyo,94,5.08
8.218.207.169,2087,2087,true,HKG,Asia Pacific,Hong Kong,128,5.08
8.222.210.182,8080,8080,false,SIN,Asia Pacific,Singapore,4,5.08
8.222.175.78,2095,2095,false,SIN,Asia Pacific,Singapore,44,5.08
8.219.40.255,2087,2087,true,SIN,Asia Pacific,Singapore,75,5.08
47.242.54.157,2052,2052,false,HKG,Asia Pacific,Hong Kong,91,5.07
8.222.168.234,2095,2095,false,SIN,Asia Pacific,Singapore,19,5.07
47.76.94.15,2087,2087,true,HKG,Asia Pacific,Hong Kong,41,5.07
47.74.52.104,8880,8880,false,NRT,Asia Pacific,Tokyo,92,5.07
8.222.229.22,80,80,false,SIN,Asia Pacific,Singapore,9,5.06
47.76.33.40,80,80,false,HKG,Asia Pacific,Hong Kong,39,5.06
47.74.26.132,2083,2083,true,NRT,Asia Pacific,Tokyo,189,5.06
8.219.77.91,2053,2053,true,SIN,Asia Pacific,Singapore,83,5.06
47.74.18.121,2053,2053,true,NRT,Asia Pacific,Tokyo,91,5.06
47.245.126.151,2082,2082,false,SIN,Asia Pacific,Singapore,9,5.06
47.74.34.135,8080,8080,false,NRT,Asia Pacific,Tokyo,79,5.06
8.219.13.143,2095,2095,false,SIN,Asia Pacific,Singapore,20,5.06
47.74.16.67,2095,2095,false,NRT,Asia Pacific,Tokyo,82,5.05
47.245.38.233,2086,2086,false,NRT,Asia Pacific,Tokyo,89,5.05
8.219.40.255,2053,2053,true,SIN,Asia Pacific,Singapore,19,5.05
47.74.14.85,2096,2096,true,NRT,Asia Pacific,Tokyo,244,5.05
8.219.0.162,80,80,false,SIN,Asia Pacific,Singapore,11,5.05
47.74.8.238,2095,2095,false,NRT,Asia Pacific,Tokyo,75,5.05
8.219.174.213,2083,2083,true,SIN,Asia Pacific,Singapore,93,5.05
47.236.116.208,2082,2082,false,SIN,Asia Pacific,Singapore,30,5.04
8.219.247.203,2053,2053,true,SIN,Asia Pacific,Singapore,62,5.04
8.218.18.235,80,80,false,HKG,Asia Pacific,Hong Kong,42,5.04
8.222.181.139,443,443,true,SIN,Asia Pacific,Singapore,147,5.03
8.209.200.73,8880,8880,false,NRT,Asia Pacific,Tokyo,81,5.03
8.209.241.128,8880,8880,false,NRT,Asia Pacific,Tokyo,87,5.03
47.245.33.56,2095,2095,false,NRT,Asia Pacific,Tokyo,106,5.03
8.222.224.162,2052,2052,false,SIN,Asia Pacific,Singapore,18,5.03
47.245.40.161,2086,2086,false,NRT,Asia Pacific,Tokyo,76,5.03
47.245.58.175,2087,2087,true,NRT,Asia Pacific,Tokyo,117,5.03
47.245.114.163,2052,2052,false,SIN,Asia Pacific,Singapore,7,5.03
8.219.73.188,8443,8443,true,SIN,Asia Pacific,Singapore,149,5.03
47.74.26.131,80,80,false,NRT,Asia Pacific,Tokyo,77,5.03
8.222.249.190,2083,2083,true,SIN,Asia Pacific,Singapore,95,5.03
8.219.197.111,443,443,true,SIN,Asia Pacific,Singapore,71,5.03
8.219.247.203,2086,2086,false,SIN,Asia Pacific,Singapore,39,5.03
47.74.27.94,2052,2052,false,NRT,Asia Pacific,Tokyo,100,5.03
47.76.77.103,8080,8080,false,HKG,Asia Pacific,Hong Kong,81,5.03
8.219.193.202,2086,2086,false,SIN,Asia Pacific,Singapore,17,5.02
47.245.107.174,2086,2086,false,SIN,Asia Pacific,Singapore,18,5.02
47.243.161.235,2086,2086,false,HKG,Asia Pacific,Hong Kong,35,5.02
47.236.65.177,2095,2095,false,SIN,Asia Pacific,Singapore,19,5.02
47.91.19.249,8880,8880,false,NRT,Asia Pacific,Tokyo,80,5.02
8.219.50.180,2095,2095,false,SIN,Asia Pacific,Singapore,5,5.02
47.245.34.140,2052,2052,false,NRT,Asia Pacific,Tokyo,83,5.02
8.209.222.31,80,80,false,NRT,Asia Pacific,Tokyo,86,5.02
8.219.174.142,2086,2086,false,SIN,Asia Pacific,Singapore,340,5.01
47.236.7.206,8443,8443,true,SIN,Asia Pacific,Singapore,55,5.01
47.91.23.146,2053,2053,true,NRT,Asia Pacific,Tokyo,73,5.01
47.245.59.243,2053,2053,true,NRT,Asia Pacific,Tokyo,179,5.01
8.222.138.164,2053,2053,true,SIN,Asia Pacific,Singapore,82,5.01
8.219.0.162,2096,2096,true,SIN,Asia Pacific,Singapore,34,5.01
8.219.55.31,8880,8880,false,SIN,Asia Pacific,Singapore,9,5.01
8.217.164.10,8880,8880,false,HKG,Asia Pacific,Hong Kong,114,5.01
8.209.214.222,80,80,false,NRT,Asia Pacific,Tokyo,79,5.01
8.219.101.138,8080,8080,false,SIN,Asia Pacific,Singapore,3,5.01
47.236.116.26,8880,8880,false,SIN,Asia Pacific,Singapore,40,5.00
47.245.52.240,80,80,false,NRT,Asia Pacific,Tokyo,106,5.00
47.245.37.12,8080,8080,false,NRT,Asia Pacific,Tokyo,86,4.99
47.245.114.163,2086,2086,false,SIN,Asia Pacific,Singapore,17,4.99
8.222.129.32,2083,2083,true,SIN,Asia Pacific,Singapore,90,4.99
8.219.198.34,2052,2052,false,SIN,Asia Pacific,Singapore,18,4.99
8.222.249.98,2095,2095,false,SIN,Asia Pacific,Singapore,6,4.99
8.222.152.165,2095,2095,false,SIN,Asia Pacific,Singapore,28,4.99
47.74.13.239,2096,2096,true,NRT,Asia Pacific,Tokyo,147,4.98
8.222.224.162,8080,8080,false,SIN,Asia Pacific,Singapore,28,4.98
47.245.40.161,2082,2082,false,NRT,Asia Pacific,Tokyo,95,4.98
8.210.151.69,8080,8080,false,HKG,Asia Pacific,Hong Kong,87,4.98
47.76.94.15,2096,2096,true,HKG,Asia Pacific,Hong Kong,74,4.98
47.74.50.249,2087,2087,true,NRT,Asia Pacific,Tokyo,134,4.98
47.74.10.135,8880,8880,false,NRT,Asia Pacific,Tokyo,79,4.98
47.76.37.57,8080,8080,false,HKG,Asia Pacific,Hong Kong,40,4.98
47.236.148.174,2082,2082,false,SIN,Asia Pacific,Singapore,53,4.97
47.236.4.129,2082,2082,false,SIN,Asia Pacific,Singapore,20,4.97
8.219.194.170,8880,8880,false,SIN,Asia Pacific,Singapore,5,4.97
47.245.34.36,2086,2086,false,NRT,Asia Pacific,Tokyo,106,4.97
47.236.144.156,2082,2082,false,SIN,Asia Pacific,Singapore,19,4.97
47.236.7.246,2096,2096,true,SIN,Asia Pacific,Singapore,55,4.97
47.245.59.188,2082,2082,false,NRT,Asia Pacific,Tokyo,73,4.96
47.236.5.223,2096,2096,true,SIN,Asia Pacific,Singapore,98,4.96
8.209.212.5,80,80,false,NRT,Asia Pacific,Tokyo,74,4.96
8.219.161.129,2087,2087,true,SIN,Asia Pacific,Singapore,59,4.96
8.219.173.239,2087,2087,true,SIN,Asia Pacific,Singapore,66,4.96
8.209.252.13,8080,8080,false,NRT,Asia Pacific,Tokyo,76,4.96
8.218.211.17,2083,2083,true,HKG,Asia Pacific,Hong Kong,87,4.96
47.91.23.108,2053,2053,true,NRT,Asia Pacific,Tokyo,79,4.96
8.222.140.87,8080,8080,false,SIN,Asia Pacific,Singapore,16,4.96
47.76.94.15,2052,2052,false,HKG,Asia Pacific,Hong Kong,47,4.96
8.222.208.38,2096,2096,true,SIN,Asia Pacific,Singapore,63,4.96
8.222.224.163,8880,8880,false,SIN,Asia Pacific,Singapore,16,4.95
8.218.8.142,2086,2086,false,HKG,Asia Pacific,Hong Kong,40,4.95
8.210.55.134,80,80,false,HKG,Asia Pacific,Hong Kong,40,4.95
8.219.230.254,2052,2052,false,SIN,Asia Pacific,Singapore,7,4.95
8.222.154.227,8080,8080,false,SIN,Asia Pacific,Singapore,21,4.95
47.245.54.58,80,80,false,NRT,Asia Pacific,Tokyo,93,4.95
8.222.214.13,8880,8880,false,SIN,Asia Pacific,Singapore,14,4.95
8.217.91.121,8080,8080,false,HKG,Asia Pacific,Hong Kong,66,4.95
8.209.200.73,80,80,false,NRT,Asia Pacific,Tokyo,95,4.95
8.219.174.213,8443,8443,true,SIN,Asia Pacific,Singapore,78,4.95
47.242.155.183,2086,2086,false,HKG,Asia Pacific,Hong Kong,124,4.95
47.91.23.108,2096,2096,true,NRT,Asia Pacific,Tokyo,139,4.94
8.218.48.92,443,443,true,HKG,Asia Pacific,Hong Kong,36,4.94
47.245.11.216,8880,8880,false,NRT,Asia Pacific,Tokyo,82,4.94
47.74.52.188,8443,8443,true,NRT,Asia Pacific,Tokyo,105,4.94
47.74.4.47,8880,8880,false,NRT,Asia Pacific,Tokyo,84,4.93
47.236.5.223,8880,8880,false,SIN,Asia Pacific,Singapore,27,4.93
47.74.37.50,2082,2082,false,NRT,Asia Pacific,Tokyo,71,4.93
47.243.107.148,443,443,true,HKG,Asia Pacific,Hong Kong,74,4.93
8.219.77.222,2053,2053,true,SIN,Asia Pacific,Singapore,67,4.93
47.74.11.3,8080,8080,false,NRT,Asia Pacific,Tokyo,79,4.93
47.91.22.115,8443,8443,true,NRT,Asia Pacific,Tokyo,85,4.93
47.243.42.219,8080,8080,false,HKG,Asia Pacific,Hong Kong,34,4.93
47.245.118.197,2096,2096,true,SIN,Asia Pacific,Singapore,72,4.93
47.76.77.103,2087,2087,true,HKG,Asia Pacific,Hong Kong,125,4.93
8.219.145.245,2095,2095,false,SIN,Asia Pacific,Singapore,21,4.92
8.217.85.14,2052,2052,false,HKG,Asia Pacific,Hong Kong,66,4.92
47.242.234.127,2086,2086,false,HKG,Asia Pacific,Hong Kong,127,4.92
47.245.37.94,2095,2095,false,NRT,Asia Pacific,Tokyo,110,4.92
8.210.65.1,2083,2083,true,HKG,Asia Pacific,Hong Kong,35,4.92
47.245.37.37,8080,8080,false,NRT,Asia Pacific,Tokyo,78,4.91
47.74.46.84,8443,8443,true,NRT,Asia Pacific,Tokyo,85,4.91
47.91.31.235,2087,2087,true,NRT,Asia Pacific,Tokyo,130,4.91
47.245.113.12,2082,2082,false,SIN,Asia Pacific,Singapore,24,4.91
47.74.41.87,2095,2095,false,NRT,Asia Pacific,Tokyo,80,4.91
47.242.155.183,2052,2052,false,HKG,Asia Pacific,Hong Kong,88,4.91
8.219.233.6,8080,8080,false,SIN,Asia Pacific,Singapore,32,4.90
8.209.252.13,8880,8880,false,NRT,Asia Pacific,Tokyo,96,4.90
47.76.146.1,2053,2053,true,HKG,Asia Pacific,Hong Kong,51,4.90
8.219.167.65,2083,2083,true,SIN,Asia Pacific,Singapore,107,4.90
47.245.113.117,2086,2086,false,SIN,Asia Pacific,Singapore,22,4.90
8.210.3.24,2096,2096,true,HKG,Asia Pacific,Hong Kong,82,4.90
47.245.11.118,2087,2087,true,NRT,Asia Pacific,Tokyo,76,4.90
47.245.41.69,2052,2052,false,NRT,Asia Pacific,Tokyo,77,4.90
47.236.7.246,2053,2053,true,SIN,Asia Pacific,Singapore,74,4.90
47.245.53.50,2053,2053,true,NRT,Asia Pacific,Tokyo,191,4.89
47.236.94.109,2095,2095,false,SIN,Asia Pacific,Singapore,23,4.89
47.236.144.156,8880,8880,false,SIN,Asia Pacific,Singapore,13,4.89
8.222.238.141,2083,2083,true,SIN,Asia Pacific,Singapore,145,4.89
8.210.9.129,2082,2082,false,HKG,Asia Pacific,Hong Kong,34,4.88
8.222.155.242,8443,8443,true,SIN,Asia Pacific,Singapore,101,4.88
8.219.208.69,2096,2096,true,SIN,Asia Pacific,Singapore,89,4.88
47.245.107.174,8443,8443,true,SIN,Asia Pacific,Singapore,27,4.88
47.76.80.72,2086,2086,false,HKG,Asia Pacific,Hong Kong,34,4.88
47.74.34.162,2053,2053,true,NRT,Asia Pacific,Tokyo,127,4.87
8.210.9.129,8443,8443,true,HKG,Asia Pacific,Hong Kong,83,4.87
8.210.119.11,8080,8080,false,HKG,Asia Pacific,Hong Kong,43,4.87
8.218.158.94,443,443,true,HKG,Asia Pacific,Hong Kong,48,4.87
47.74.34.38,8443,8443,true,NRT,Asia Pacific,Tokyo,94,4.86
8.219.40.255,2096,2096,true,SIN,Asia Pacific,Singapore,52,4.86
47.245.118.70,2095,2095,false,SIN,Asia Pacific,Singapore,46,4.86
8.219.208.69,2082,2082,false,SIN,Asia Pacific,Singapore,16,4.86
8.219.114.201,2082,2082,false,SIN,Asia Pacific,Singapore,9,4.86
47.74.40.13,2083,2083,true,NRT,Asia Pacific,Tokyo,101,4.86
47.74.22.171,8880,8880,false,NRT,Asia Pacific,Tokyo,76,4.86
8.217.221.165,80,80,false,HKG,Asia Pacific,Hong Kong,87,4.85
8.219.247.203,80,80,false,SIN,Asia Pacific,Singapore,6,4.85
47.245.62.84,2082,2082,false,NRT,Asia Pacific,Tokyo,74,4.85
8.222.150.197,2082,2082,false,SIN,Asia Pacific,Singapore,16,4.85
8.218.18.132,8080,8080,false,HKG,Asia Pacific,Hong Kong,46,4.85
47.242.174.27,2087,2087,true,HKG,Asia Pacific,Hong Kong,130,4.85
8.219.194.170,2095,2095,false,SIN,Asia Pacific,Singapore,14,4.85
47.76.37.57,8443,8443,true,HKG,Asia Pacific,Hong Kong,48,4.85
8.222.202.163,2083,2083,true,SIN,Asia Pacific,Singapore,74,4.85
47.243.161.235,8880,8880,false,HKG,Asia Pacific,Hong Kong,36,4.85
8.218.22.210,2083,2083,true,HKG,Asia Pacific,Hong Kong,97,4.85
47.74.13.94,8080,8080,false,NRT,Asia Pacific,Tokyo,79,4.84
47.245.126.151,2052,2052,false,SIN,Asia Pacific,Singapore,15,4.84
8.219.111.175,8443,8443,true,SIN,Asia Pacific,Singapore,48,4.84
8.210.3.24,2053,2053,true,HKG,Asia Pacific,Hong Kong,34,4.84
47.74.26.196,2087,2087,true,HKG,Asia Pacific,Hong Kong,350,4.84
47.245.40.55,2083,2083,true,HKG,Asia Pacific,Hong Kong,312,4.84
47.74.10.135,2052,2052,false,NRT,Asia Pacific,Tokyo,71,4.84
8.219.3.53,8443,8443,true,SIN,Asia Pacific,Singapore,57,4.83
47.236.7.206,2087,2087,true,SIN,Asia Pacific,Singapore,62,4.83
47.91.21.127,2082,2082,false,NRT,Asia Pacific,Tokyo,84,4.83
47.245.29.126,8080,8080,false,NRT,Asia Pacific,Tokyo,98,4.83
8.210.156.6,8080,8080,false,HKG,Asia Pacific,Hong Kong,42,4.83
47.245.52.165,2086,2086,false,NRT,Asia Pacific,Tokyo,119,4.82
47.245.37.29,2086,2086,false,NRT,Asia Pacific,Tokyo,79,4.82
47.236.4.129,2083,2083,true,SIN,Asia Pacific,Singapore,56,4.82
8.222.237.131,2095,2095,false,SIN,Asia Pacific,Singapore,30,4.82
47.91.14.47,2083,2083,true,NRT,Asia Pacific,Tokyo,126,4.82
8.210.107.246,8443,8443,true,HKG,Asia Pacific,Hong Kong,61,4.81
8.219.228.157,2087,2087,true,SIN,Asia Pacific,Singapore,66,4.81
8.218.18.132,2082,2082,false,HKG,Asia Pacific,Hong Kong,110,4.81
8.209.222.232,2086,2086,false,HKG,Asia Pacific,Hong Kong,159,4.80
47.74.50.249,8880,8880,false,NRT,Asia Pacific,Tokyo,86,4.80
8.219.77.91,2096,2096,true,SIN,Asia Pacific,Singapore,131,4.80
47.245.113.117,8443,8443,true,SIN,Asia Pacific,Singapore,42,4.80
8.217.167.88,80,80,false,HKG,Asia Pacific,Hong Kong,52,4.80
47.74.39.194,2087,2087,true,NRT,Asia Pacific,Tokyo,78,4.79
47.74.9.174,2095,2095,false,NRT,Asia Pacific,Tokyo,83,4.79
8.222.226.15,2082,2082,false,SIN,Asia Pacific,Singapore,9,4.79
47.236.148.174,2086,2086,false,SIN,Asia Pacific,Singapore,17,4.79
47.236.104.98,2086,2086,false,SIN,Asia Pacific,Singapore,13,4.79
8.209.212.5,8880,8880,false,NRT,Asia Pacific,Tokyo,78,4.79
47.245.30.144,8880,8880,false,NRT,Asia Pacific,Tokyo,74,4.79
47.245.84.155,2082,2082,false,SIN,Asia Pacific,Singapore,15,4.79
47.74.0.183,2096,2096,true,NRT,Asia Pacific,Tokyo,120,4.79
47.91.29.108,2086,2086,false,NRT,Asia Pacific,Tokyo,75,4.79
47.74.26.131,2082,2082,false,NRT,Asia Pacific,Tokyo,83,4.78
47.236.19.51,8443,8443,true,SIN,Asia Pacific,Singapore,71,4.78
8.219.228.157,2082,2082,false,SIN,Asia Pacific,Singapore,22,4.78
47.236.94.113,2083,2083,true,SIN,Asia Pacific,Singapore,117,4.78
47.74.11.9,80,80,false,NRT,Asia Pacific,Tokyo,81,4.78
8.210.119.11,2082,2082,false,HKG,Asia Pacific,Hong Kong,91,4.78
47.74.13.200,2082,2082,false,NRT,Asia Pacific,Tokyo,75,4.78
8.219.75.44,2082,2082,false,SIN,Asia Pacific,Singapore,8,4.78
8.219.12.152,8443,8443,true,SIN,Asia Pacific,Singapore,138,4.78
47.74.34.38,8880,8880,false,NRT,Asia Pacific,Tokyo,74,4.77
47.74.26.132,80,80,false,NRT,Asia Pacific,Tokyo,78,4.77
8.219.251.81,8080,8080,false,SIN,Asia Pacific,Singapore,16,4.77
47.91.23.108,8880,8880,false,NRT,Asia Pacific,Tokyo,95,4.77
47.245.42.210,2082,2082,false,NRT,Asia Pacific,Tokyo,79,4.77
47.245.41.169,8880,8880,false,NRT,Asia Pacific,Tokyo,86,4.77
47.91.23.146,2083,2083,true,NRT,Asia Pacific,Tokyo,118,4.77
8.222.224.163,2052,2052,false,SIN,Asia Pacific,Singapore,69,4.76
8.219.197.111,8080,8080,false,SIN,Asia Pacific,Singapore,8,4.76
47.74.39.96,8880,8880,false,NRT,Asia Pacific,Tokyo,71,4.76
47.243.203.119,2052,2052,false,HKG,Asia Pacific,Hong Kong,98,4.76
8.219.201.174,2096,2096,true,SIN,Asia Pacific,Singapore,94,4.76
8.209.242.25,2052,2052,false,NRT,Asia Pacific,Tokyo,80,4.76
8.222.180.86,2082,2082,false,SIN,Asia Pacific,Singapore,9,4.76
47.245.59.133,8443,8443,true,NRT,Asia Pacific,Tokyo,205,4.76
47.236.7.13,2083,2083,true,SIN,Asia Pacific,Singapore,68,4.76
47.245.30.144,2082,2082,false,NRT,Asia Pacific,Tokyo,92,4.75
8.219.185.191,2087,2087,true,SIN,Asia Pacific,Singapore,128,4.75
47.236.15.73,8080,8080,false,SIN,Asia Pacific,Singapore,10,4.75
8.219.170.180,2087,2087,true,SIN,Asia Pacific,Singapore,131,4.75
8.219.124.227,2095,2095,false,SIN,Asia Pacific,Singapore,11,4.75
8.222.214.13,8443,8443,true,SIN,Asia Pacific,Singapore,65,4.75
47.245.11.118,2095,2095,false,NRT,Asia Pacific,Tokyo,81,4.75
47.245.57.38,2082,2082,false,HKG,Asia Pacific,Hong Kong,170,4.75
8.219.236.8,2087,2087,true,SIN,Asia Pacific,Singapore,85,4.75
47.74.22.171,8880,8880,false,NRT,Asia Pacific,Tokyo,81,4.75
47.236.5.223,2083,2083,true,SIN,Asia Pacific,Singapore,127,4.75
8.210.151.69,2095,2095,false,HKG,Asia Pacific,Hong Kong,42,4.75
47.245.10.164,80,80,false,NRT,Asia Pacific,Tokyo,73,4.74
8.209.248.161,2053,2053,true,NRT,Asia Pacific,Tokyo,88,4.74
47.74.26.196,80,80,false,HKG,Asia Pacific,Hong Kong,168,4.74
47.74.45.143,2087,2087,true,NRT,Asia Pacific,Tokyo,79,4.74
47.245.34.140,8080,8080,false,NRT,Asia Pacific,Tokyo,105,4.74
47.236.11.84,8443,8443,true,SIN,Asia Pacific,Singapore,158,4.74
8.222.140.185,8880,8880,false,SIN,Asia Pacific,Singapore,29,4.73
8.219.60.54,8443,8443,true,SIN,Asia Pacific,Singapore,24,4.73
8.218.8.142,8080,8080,false,HKG,Asia Pacific,Hong Kong,88,4.73
47.91.25.66,2082,2082,false,NRT,Asia Pacific,Tokyo,119,4.73
47.74.26.131,8080,8080,false,NRT,Asia Pacific,Tokyo,73,4.73
8.218.158.94,8443,8443,true,HKG,Asia Pacific,Hong Kong,39,4.73
47.245.55.99,8880,8880,false,NRT,Asia Pacific,Tokyo,78,4.73
8.219.198.34,8443,8443,true,SIN,Asia Pacific,Singapore,91,4.73
8.219.51.211,2082,2082,false,SIN,Asia Pacific,Singapore,3,4.73
47.251.74.226,443,443,true,LAX,North America,Los Angeles,177,4.72
8.222.209.223,2086,2086,false,SIN,Asia Pacific,Singapore,13,4.72
47.242.234.127,2082,2082,false,HKG,Asia Pacific,Hong Kong,35,4.72
8.219.0.162,2095,2095,false,SIN,Asia Pacific,Singapore,3,4.72
47.74.8.238,2052,2052,false,NRT,Asia Pacific,Tokyo,97,4.72
47.91.29.174,2083,2083,true,NRT,Asia Pacific,Tokyo,157,4.72
47.74.4.47,80,80,false,NRT,Asia Pacific,Tokyo,89,4.71
47.245.52.165,2087,2087,true,NRT,Asia Pacific,Tokyo,153,4.71
47.245.37.12,2095,2095,false,NRT,Asia Pacific,Tokyo,75,4.71
8.218.65.237,2082,2082,false,HKG,Asia Pacific,Hong Kong,131,4.71
8.222.212.172,8880,8880,false,SIN,Asia Pacific,Singapore,13,4.71
47.74.11.3,80,80,false,NRT,Asia Pacific,Tokyo,86,4.71
8.219.247.203,8080,8080,false,SIN,Asia Pacific,Singapore,13,4.71
47.245.52.165,2096,2096,true,NRT,Asia Pacific,Tokyo,223,4.71
47.242.171.94,2096,2096,true,HKG,Asia Pacific,Hong Kong,85,4.71
8.219.178.101,2096,2096,true,SIN,Asia Pacific,Singapore,159,4.71
8.219.194.170,2086,2086,false,SIN,Asia Pacific,Singapore,10,4.70
47.236.144.156,2083,2083,true,SIN,Asia Pacific,Singapore,135,4.70
8.218.2.181,2053,2053,true,HKG,Asia Pacific,Hong Kong,89,4.70
8.219.142.229,80,80,false,SIN,Asia Pacific,Singapore,6,4.70
47.91.21.127,2053,2053,true,NRT,Asia Pacific,Tokyo,79,4.70
47.236.83.196,2052,2052,false,SIN,Asia Pacific,Singapore,36,4.70
8.209.248.161,2095,2095,false,NRT,Asia Pacific,Tokyo,80,4.70
47.74.22.171,2082,2082,false,NRT,Asia Pacific,Tokyo,79,4.70
8.222.180.86,80,80,false,SIN,Asia Pacific,Singapore,25,4.70
8.217.49.34,2095,2095,false,HKG,Asia Pacific,Hong Kong,90,4.69
47.74.16.67,8880,8880,false,NRT,Asia Pacific,Tokyo,76,4.69
47.245.29.126,80,80,false,NRT,Asia Pacific,Tokyo,79,4.69
47.236.116.26,2053,2053,true,SIN,Asia Pacific,Singapore,31,4.68
8.222.211.16,80,80,false,SIN,Asia Pacific,Singapore,32,4.68
47.243.161.235,2082,2082,false,HKG,Asia Pacific,Hong Kong,86,4.68
8.219.50.180,8880,8880,false,SIN,Asia Pacific,Singapore,14,4.68
8.210.21.65,2052,2052,false,HKG,Asia Pacific,Hong Kong,96,4.68
8.222.136.196,2083,2083,true,SIN,Asia Pacific,Singapore,105,4.68
47.245.40.55,8443,8443,true,HKG,Asia Pacific,Hong Kong,269,4.68
47.245.59.243,8443,8443,true,NRT,Asia Pacific,Tokyo,187,4.68
8.219.137.50,2087,2087,true,SIN,Asia Pacific,Singapore,128,4.67
47.74.16.255,8080,8080,false,NRT,Asia Pacific,Tokyo,76,4.67
47.242.155.183,2095,2095,false,HKG,Asia Pacific,Hong Kong,46,4.67
47.74.16.67,2082,2082,false,NRT,Asia Pacific,Tokyo,81,4.67
47.76.146.1,8880,8880,false,HKG,Asia Pacific,Hong Kong,88,4.67
8.210.119.11,8880,8880,false,HKG,Asia Pacific,Hong Kong,88,4.66
8.222.193.65,8443,8443,true,SIN,Asia Pacific,Singapore,67,4.66
8.219.66.156,2083,2083,true,SIN,Asia Pacific,Singapore,95,4.66
8.218.48.92,2096,2096,true,HKG,Asia Pacific,Hong Kong,118,4.66
47.91.21.127,2052,2052,false,NRT,Asia Pacific,Tokyo,74,4.66
47.74.43.24,2095,2095,false,NRT,Asia Pacific,Tokyo,76,4.66
47.74.45.143,2053,2053,true,NRT,Asia Pacific,Tokyo,124,4.66
47.74.13.200,2052,2052,false,NRT,Asia Pacific,Tokyo,79,4.65
8.218.22.210,2086,2086,false,HKG,Asia Pacific,Hong Kong,39,4.65
47.236.116.26,2082,2082,false,SIN,Asia Pacific,Singapore,19,4.65
47.74.52.104,2096,2096,true,NRT,Asia Pacific,Tokyo,110,4.65
8.219.157.97,2082,2082,false,SIN,Asia Pacific,Singapore,5,4.65
8.217.250.222,2083,2083,true,HKG,Asia Pacific,Hong Kong,50,4.65
47.74.15.117,2086,2086,false,NRT,Asia Pacific,Tokyo,78,4.64
47.74.7.51,2086,2086,false,NRT,Asia Pacific,Tokyo,95,4.64
8.209.243.99,8080,8080,false,NRT,Asia Pacific,Tokyo,96,4.64
8.222.209.223,2086,2086,false,SIN,Asia Pacific,Singapore,14,4.64
8.209.214.157,80,80,false,NRT,Asia Pacific,Tokyo,87,4.64
8.219.60.54,2086,2086,false,SIN,Asia Pacific,Singapore,19,4.64
8.219.3.53,2082,2082,false,SIN,Asia Pacific,Singapore,17,4.63
8.219.115.215,8080,8080,false,SIN,Asia Pacific,Singapore,4,4.63
47.91.16.214,2096,2096,true,NRT,Asia Pacific,Tokyo,144,4.63
47.245.4.22,2053,2053,true,HKG,Asia Pacific,Hong Kong,278,4.63
47.245.39.49,2082,2082,false,HKG,Asia Pacific,Hong Kong,165,4.63
8.222.159.252,2052,2052,false,SIN,Asia Pacific,Singapore,9,4.63
8.209.252.13,2052,2052,false,NRT,Asia Pacific,Tokyo,76,4.62
8.222.214.13,2083,2083,true,SIN,Asia Pacific,Singapore,118,4.62
47.236.5.223,8443,8443,true,SIN,Asia Pacific,Singapore,116,4.62
47.245.11.118,2053,2053,true,NRT,Asia Pacific,Tokyo,134,4.62
47.74.22.171,2095,2095,false,NRT,Asia Pacific,Tokyo,101,4.62
47.236.19.51,2087,2087,true,SIN,Asia Pacific,Singapore,44,4.62
8.218.52.115,8080,8080,false,HKG,Asia Pacific,Hong Kong,83,4.62
47.74.27.94,2053,2053,true,NRT,Asia Pacific,Tokyo,274,4.62
8.219.40.255,2082,2082,false,SIN,Asia Pacific,Singapore,9,4.62
47.245.114.163,8880,8880,false,SIN,Asia Pacific,Singapore,15,4.62
47.236.15.73,2086,2086,false,SIN,Asia Pacific,Singapore,19,4.61
47.245.54.58,2083,2083,true,NRT,Asia Pacific,Tokyo,238,4.61
8.222.164.44,8880,8880,false,SIN,Asia Pacific,Singapore,40,4.61
47.74.22.171,2052,2052,false,NRT,Asia Pacific,Tokyo,100,4.61
8.209.240.229,8880,8880,false,NRT,Asia Pacific,Tokyo,93,4.61
8.210.151.69,2053,2053,true,HKG,Asia Pacific,Hong Kong,85,4.61
8.209.214.157,2052,2052,false,NRT,Asia Pacific,Tokyo,85,4.60
47.243.70.197,2086,2086,false,HKG,Asia Pacific,Hong Kong,38,4.60
8.222.212.172,2095,2095,false,SIN,Asia Pacific,Singapore,23,4.60
47.74.4.47,8080,8080,false,NRT,Asia Pacific,Tokyo,76,4.60
47.74.43.95,80,80,false,NRT,Asia Pacific,Tokyo,73,4.60
8.222.182.10,2053,2053,true,SIN,Asia Pacific,Singapore,87,4.60
8.210.55.134,2095,2095,false,HKG,Asia Pacific,Hong Kong,79,4.60
47.245.57.38,2083,2083,true,HKG,Asia Pacific,Hong Kong,384,4.60
8.222.212.172,8443,8443,true,SIN,Asia Pacific,Singapore,74,4.59
47.236.11.84,8880,8880,false,SIN,Asia Pacific,Singapore,57,4.59
47.245.118.197,2086,2086,false,SIN,Asia Pacific,Singapore,21,4.59
8.222.180.242,2052,2052,false,SIN,Asia Pacific,Singapore,12,4.59
8.209.214.157,2083,2083,true,NRT,Asia Pacific,Tokyo,99,4.59
8.210.101.157,8880,8880,false,HKG,Asia Pacific,Hong Kong,134,4.59
8.219.84.214,2096,2096,true,SIN,Asia Pacific,Singapore,91,4.58
8.219.55.31,2082,2082,false,SIN,Asia Pacific,Singapore,4,4.58
8.210.101.157,8080,8080,false,HKG,Asia Pacific,Hong Kong,34,4.58
47.236.116.182,2083,2083,true,SIN,Asia Pacific,Singapore,129,4.58
47.236.116.182,2052,2052,false,SIN,Asia Pacific,Singapore,13,4.58
47.242.17.250,2052,2052,false,HKG,Asia Pacific,Hong Kong,83,4.58
47.236.19.51,2083,2083,true,SIN,Asia Pacific,Singapore,105,4.58
8.219.220.122,80,80,false,SIN,Asia Pacific,Singapore,73,4.57
47.245.53.50,2095,2095,false,NRT,Asia Pacific,Tokyo,77,4.57
47.76.37.57,8880,8880,false,HKG,Asia Pacific,Hong Kong,37,4.57
47.74.34.135,8443,8443,true,NRT,Asia Pacific,Tokyo,85,4.57
47.243.70.197,2083,2083,true,HKG,Asia Pacific,Hong Kong,78,4.57
47.74.11.9,2095,2095,false,NRT,Asia Pacific,Tokyo,83,4.57
47.245.55.94,2087,2087,true,NRT,Asia Pacific,Tokyo,183,4.57
47.74.10.135,2086,2086,false,NRT,Asia Pacific,Tokyo,78,4.56
47.245.115.6,2082,2082,false,SIN,Asia Pacific,Singapore,9,4.56
47.236.7.13,2087,2087,true,SIN,Asia Pacific,Singapore,83,4.56
8.219.107.199,8880,8880,false,SIN,Asia Pacific,Singapore,13,4.56
47.74.11.251,2087,2087,true,NRT,Asia Pacific,Tokyo,153,4.56
47.74.27.211,8880,8880,false,NRT,Asia Pacific,Tokyo,77,4.56
47.74.12.139,8880,8880,false,NRT,Asia Pacific,Tokyo,93,4.56
8.219.51.211,2095,2095,false,SIN,Asia Pacific,Singapore,2,4.56
8.219.122.96,80,80,false,SIN,Asia Pacific,Singapore,9,4.56
47.236.7.246,8080,8080,false,SIN,Asia Pacific,Singapore,17,4.56
47.242.59.216,8880,8880,false,HKG,Asia Pacific,Hong Kong,44,4.55
47.74.52.188,2053,2053,true,NRT,Asia Pacific,Tokyo,131,4.55
47.243.70.197,2052,2052,false,HKG,Asia Pacific,Hong Kong,83,4.55
47.236.104.11,8443,8443,true,SIN,Asia Pacific,Singapore,78,4.55
8.209.214.222,8880,8880,false,NRT,Asia Pacific,Tokyo,85,4.55
8.222.180.86,2052,2052,false,SIN,Asia Pacific,Singapore,25,4.55
47.245.115.6,8880,8880,false,SIN,Asia Pacific,Singapore,10,4.54
8.222.159.252,2082,2082,false,SIN,Asia Pacific,Singapore,21,4.54
47.74.34.135,2096,2096,true,NRT,Asia Pacific,Tokyo,75,4.54
8.222.210.182,80,80,false,SIN,Asia Pacific,Singapore,30,4.54
8.219.82.177,2096,2096,true,SIN,Asia Pacific,Singapore,36,4.54
8.219.209.14,2095,2095,false,SIN,Asia Pacific,Singapore,12,4.54
47.242.79.71,2086,2086,false,HKG,Asia Pacific,Hong Kong,88,4.53
47.236.7.246,8443,8443,true,SIN,Asia Pacific,Singapore,117,4.53
8.219.173.239,8880,8880,false,SIN,Asia Pacific,Singapore,13,4.53
47.236.116.26,2096,2096,true,SIN,Asia Pacific,Singapore,93,4.53
47.74.41.87,2082,2082,false,NRT,Asia Pacific,Tokyo,78,4.53
47.245.115.6,2096,2096,true,SIN,Asia Pacific,Singapore,79,4.53
8.222.229.22,8080,8080,false,SIN,Asia Pacific,Singapore,5,4.53
47.242.17.250,2086,2086,false,HKG,Asia Pacific,Hong Kong,51,4.53
47.74.26.131,2087,2087,true,NRT,Asia Pacific,Tokyo,189,4.52
8.210.65.1,2082,2082,false,HKG,Asia Pacific,Hong Kong,80,4.52
8.217.221.165,8880,8880,false,HKG,Asia Pacific,Hong Kong,80,4.52
8.210.21.65,8443,8443,true,HKG,Asia Pacific,Hong Kong,43,4.52
47.74.26.196,2082,2082,false,HKG,Asia Pacific,Hong Kong,172,4.52
47.245.6.9,2095,2095,false,HKG,Asia Pacific,Hong Kong,191,4.52
47.91.16.214,2083,2083,true,NRT,Asia Pacific,Tokyo,142,4.52
47.91.18.207,2082,2082,false,NRT,Asia Pacific,Tokyo,88,4.52
8.210.119.11,80,80,false,HKG,Asia Pacific,Hong Kong,38,4.52
8.209.214.157,2083,2083,true,NRT,Asia Pacific,Tokyo,128,4.51
47.74.49.62,2095,2095,false,NRT,Asia Pacific,Tokyo,73,4.51
47.74.27.211,2053,2053,true,NRT,Asia Pacific,Tokyo,186,4.51
8.222.136.196,2087,2087,true,SIN,Asia Pacific,Singapore,93,4.51
8.209.214.157,2053,2053,true,NRT,Asia Pacific,Tokyo,79,4.51
8.209.212.5,2082,2082,false,NRT,Asia Pacific,Tokyo,83,4.51
8.219.140.229,8880,8880,false,SIN,Asia Pacific,Singapore,10,4.51
47.245.59.243,2096,2096,true,NRT,Asia Pacific,Tokyo,199,4.50
47.245.28.255,2052,2052,false,NRT,Asia Pacific,Tokyo,76,4.50
47.245.107.174,2087,2087,true,SIN,Asia Pacific,Singapore,62,4.50
8.210.117.18,2053,2053,true,HKG,Asia Pacific,Hong Kong,150,4.50
47.236.7.13,2082,2082,false,SIN,Asia Pacific,Singapore,201,4.49
47.245.34.36,2052,2052,false,NRT,Asia Pacific,Tokyo,77,4.49
47.74.34.51,2095,2095,false,NRT,Asia Pacific,Tokyo,77,4.49
8.219.42.72,2096,2096,true,SIN,Asia Pacific,Singapore,37,4.49
47.236.11.84,2053,2053,true,SIN,Asia Pacific,Singapore,93,4.49
8.222.208.83,2095,2095,false,SIN,Asia Pacific,Singapore,7,4.48
47.74.41.87,2082,2082,false,NRT,Asia Pacific,Tokyo,71,4.48
8.219.247.203,2096,2096,true,SIN,Asia Pacific,Singapore,131,4.48
47.236.148.174,8880,8880,false,SIN,Asia Pacific,Singapore,32,4.48
47.74.16.67,2086,2086,false,NRT,Asia Pacific,Tokyo,84,4.48
8.219.60.54,2087,2087,true,SIN,Asia Pacific,Singapore,38,4.48
47.245.59.244,2053,2053,true,NRT,Asia Pacific,Tokyo,277,4.48
47.74.5.150,2087,2087,true,NRT,Asia Pacific,Tokyo,239,4.47
47.236.19.51,2095,2095,false,SIN,Asia Pacific,Singapore,812,4.47
8.209.240.229,2053,2053,true,NRT,Asia Pacific,Tokyo,140,4.47
8.219.210.64,2095,2095,false,SIN,Asia Pacific,Singapore,5,4.47
8.219.12.152,2086,2086,false,SIN,Asia Pacific,Singapore,15,4.47
8.222.249.190,2052,2052,false,SIN,Asia Pacific,Singapore,40,4.47
8.219.5.10,80,80,false,SIN,Asia Pacific,Singapore,17,4.47
47.74.34.73,2053,2053,true,NRT,Asia Pacific,Tokyo,91,4.46
47.74.42.17,2086,2086,false,NRT,Asia Pacific,Tokyo,76,4.46
8.210.250.120,8080,8080,false,HKG,Asia Pacific,Hong Kong,85,4.46
47.245.53.101,2095,2095,false,NRT,Asia Pacific,Tokyo,101,4.46
47.236.11.84,8080,8080,false,SIN,Asia Pacific,Singapore,39,4.46
47.243.42.219,443,443,true,HKG,Asia Pacific,Hong Kong,121,4.46
8.222.209.223,2052,2052,false,SIN,Asia Pacific,Singapore,18,4.46
47.236.114.167,2087,2087,true,SIN,Asia Pacific,Singapore,71,4.45
47.76.146.1,2083,2083,true,HKG,Asia Pacific,Hong Kong,80,4.45
47.245.108.213,8080,8080,false,SIN,Asia Pacific,Singapore,12,4.45
47.236.5.223,8080,8080,false,SIN,Asia Pacific,Singapore,29,4.45
8.209.200.73,8080,8080,false,NRT,Asia Pacific,Tokyo,96,4.45
47.74.5.150,80,80,false,NRT,Asia Pacific,Tokyo,91,4.44
8.219.145.245,2096,2096,true,SIN,Asia Pacific,Singapore,75,4.44
47.236.15.73,2096,2096,true,SIN,Asia Pacific,Singapore,72,4.43
8.209.243.172,2083,2083,true,NRT,Asia Pacific,Tokyo,114,4.43
8.222.221.90,2096,2096,true,SIN,Asia Pacific,Singapore,124,4.43
47.74.34.38,2082,2082,false,NRT,Asia Pacific,Tokyo,73,4.43
47.245.10.156,2087,2087,true,NRT,Asia Pacific,Tokyo,168,4.42
47.74.8.238,8080,8080,false,NRT,Asia Pacific,Tokyo,75,4.42
47.236.148.174,2087,2087,true,SIN,Asia Pacific,Singapore,44,4.42
47.236.103.153,2082,2082,false,SIN,Asia Pacific,Singapore,24,4.42
47.74.26.196,8080,8080,false,HKG,Asia Pacific,Hong Kong,185,4.42
8.219.3.53,2052,2052,false,SIN,Asia Pacific,Singapore,12,4.41
8.209.243.99,2095,2095,false,NRT,Asia Pacific,Tokyo,88,4.41
47.242.234.127,8880,8880,false,HKG,Asia Pacific,Hong Kong,35,4.41
8.219.40.255,443,443,true,SIN,Asia Pacific,Singapore,118,4.41
47.245.37.29,2052,2052,false,NRT,Asia Pacific,Tokyo,81,4.41
8.222.238.141,2086,2086,false,SIN,Asia Pacific,Singapore,21,4.41
8.209.243.99,2096,2096,true,NRT,Asia Pacific,Tokyo,86,4.41
8.218.22.210,2052,2052,false,HKG,Asia Pacific,Hong Kong,33,4.40
8.219.206.53,2083,2083,true,SIN,Asia Pacific,Singapore,89,4.40
47.245.41.169,2095,2095,false,NRT,Asia Pacific,Tokyo,88,4.40
8.219.213.112,2096,2096,true,SIN,Asia Pacific,Singapore,122,4.40
47.245.34.140,2052,2052,false,NRT,Asia Pacific,Tokyo,97,4.40
47.245.59.188,2083,2083,true,NRT,Asia Pacific,Tokyo,124,4.39
47.245.6.9,8080,8080,false,HKG,Asia Pacific,Hong Kong,158,4.39
8.210.101.157,80,80,false,HKG,Asia Pacific,Hong Kong,43,4.39
47.242.176.237,2096,2096,true,HKG,Asia Pacific,Hong Kong,39,4.39
47.74.52.104,2087,2087,true,NRT,Asia Pacific,Tokyo,83,4.39
47.245.57.109,2053,2053,true,NRT,Asia Pacific,Tokyo,223,4.39
8.218.65.237,2095,2095,false,HKG,Asia Pacific,Hong Kong,116,4.38
47.236.19.51,80,80,false,SIN,Asia Pacific,Singapore,30,4.38
8.219.66.156,2086,2086,false,SIN,Asia Pacific,Singapore,9,4.38
47.245.56.29,2053,2053,true,NRT,Asia Pacific,Tokyo,221,4.38
47.91.22.115,2053,2053,true,NRT,Asia Pacific,Tokyo,152,4.38
8.210.156.6,2082,2082,false,HKG,Asia Pacific,Hong Kong,102,4.38
8.219.196.24,80,80,false,SIN,Asia Pacific,Singapore,16,4.38
8.209.246.24,2053,2053,true,NRT,Asia Pacific,Tokyo,83,4.38
8.222.174.108,8080,8080,false,SIN,Asia Pacific,Singapore,17,4.38
8.217.149.28,2086,2086,false,HKG,Asia Pacific,Hong Kong,98,4.37
8.222.169.182,2052,2052,false,SIN,Asia Pacific,Singapore,31,4.37
8.219.249.38,2083,2083,true,SIN,Asia Pacific,Singapore,78,4.37
8.219.93.85,2096,2096,true,SIN,Asia Pacific,Singapore,56,4.37
47.245.118.197,2086,2086,false,SIN,Asia Pacific,Singapore,7,4.37
47.242.155.183,2082,2082,false,HKG,Asia Pacific,Hong Kong,145,4.37
8.210.21.65,2086,2086,false,HKG,Asia Pacific,Hong Kong,84,4.37
8.219.250.239,2087,2087,true,SIN,Asia Pacific,Singapore,85,4.37
8.210.250.120,2082,2082,false,HKG,Asia Pacific,Hong Kong,88,4.37
8.218.2.181,80,80,false,HKG,Asia Pacific,Hong Kong,86,4.37
47.242.176.237,80,80,false,HKG,Asia Pacific,Hong Kong,98,4.37
47.74.14.85,2087,2087,true,NRT,Asia Pacific,Tokyo,94,4.37
8.219.206.180,8880,8880,false,SIN,Asia Pacific,Singapore,32,4.36
8.222.131.102,2053,2053,true,SIN,Asia Pacific,Singapore,31,4.36
47.88.101.9,80,443,true,SJC,North America,San Jose,175,4.36
47.242.176.237,80,80,false,HKG,Asia Pacific,Hong Kong,39,4.36
8.219.215.12,8080,8080,false,SIN,Asia Pacific,Singapore,14,4.36
8.219.42.72,2086,2086,false,SIN,Asia Pacific,Singapore,9,4.36
47.236.15.73,8880,8880,false,SIN,Asia Pacific,Singapore,52,4.36
47.91.20.88,2096,2096,true,NRT,Asia Pacific,Tokyo,185,4.36
8.219.206.180,8443,8443,true,SIN,Asia Pacific,Singapore,127,4.36
8.222.193.65,8080,8080,false,SIN,Asia Pacific,Singapore,13,4.36
47.74.34.162,2083,2083,true,NRT,Asia Pacific,Tokyo,123,4.36
8.210.101.157,80,80,false,HKG,Asia Pacific,Hong Kong,50,4.35
47.236.7.13,2095,2095,false,SIN,Asia Pacific,Singapore,23,4.35
47.245.107.174,80,80,false,SIN,Asia Pacific,Singapore,18,4.35
47.245.37.89,2082,2082,false,NRT,Asia Pacific,Tokyo,98,4.35
8.222.160.61,2086,2086,false,SIN,Asia Pacific,Singapore,21,4.35
8.219.167.65,8080,8080,false,SIN,Asia Pacific,Singapore,26,4.35
47.76.37.57,2086,2086,false,HKG,Asia Pacific,Hong Kong,80,4.35
47.245.107.174,2053,2053,true,SIN,Asia Pacific,Singapore,46,4.35
47.242.171.94,2086,2086,false,HKG,Asia Pacific,Hong Kong,126,4.35
47.236.7.13,2086,2086,false,SIN,Asia Pacific,Singapore,29,4.35
47.74.52.188,8080,8080,false,NRT,Asia Pacific,Tokyo,88,4.33
47.74.52.188,2052,2052,false,NRT,Asia Pacific,Tokyo,82,4.33
8.219.206.53,2052,2052,false,SIN,Asia Pacific,Singapore,38,4.33
8.222.215.228,2052,2052,false,SIN,Asia Pacific,Singapore,10,4.33
8.218.65.237,2086,2086,false,HKG,Asia Pacific,Hong Kong,42,4.33
47.242.174.27,8080,8080,false,HKG,Asia Pacific,Hong Kong,36,4.33
47.242.54.157,2082,2082,false,HKG,Asia Pacific,Hong Kong,38,4.33
47.76.75.204,8080,80,false,HKG,Asia Pacific,Hong Kong,88,4.32
47.243.163.102,80,8080,false,HKG,Asia Pacific,Hong Kong,36,4.32
8.210.151.69,2096,2096,true,HKG,Asia Pacific,Hong Kong,91,4.32
8.210.3.24,2087,2087,true,HKG,Asia Pacific,Hong Kong,39,4.32
47.243.42.219,2095,2095,false,HKG,Asia Pacific,Hong Kong,129,4.32
47.245.41.169,2082,2082,false,NRT,Asia Pacific,Tokyo,73,4.32
47.74.39.96,80,80,false,NRT,Asia Pacific,Tokyo,79,4.32
8.217.91.121,8443,8443,true,HKG,Asia Pacific,Hong Kong,119,4.31
8.210.3.24,2082,2082,false,HKG,Asia Pacific,Hong Kong,87,4.31
47.245.52.165,2086,2086,false,NRT,Asia Pacific,Tokyo,90,4.31
47.242.234.127,80,80,false,HKG,Asia Pacific,Hong Kong,79,4.31
47.242.17.250,2096,2096,true,HKG,Asia Pacific,Hong Kong,55,4.31
8.209.214.157,2082,2082,false,NRT,Asia Pacific,Tokyo,89,4.30
8.219.103.57,2083,2083,true,SIN,Asia Pacific,Singapore,57,4.30
47.74.13.94,8880,8880,false,NRT,Asia Pacific,Tokyo,83,4.30
8.219.129.38,2095,2095,false,SIN,Asia Pacific,Singapore,5,4.30
8.219.73.188,2052,2052,false,SIN,Asia Pacific,Singapore,168,4.30
8.217.91.121,2083,2083,true,HKG,Asia Pacific,Hong Kong,131,4.29
8.210.65.1,2053,2053,true,HKG,Asia Pacific,Hong Kong,50,4.29
47.243.42.219,2082,2082,false,HKG,Asia Pacific,Hong Kong,130,4.29
47.245.53.101,8880,8880,false,NRT,Asia Pacific,Tokyo,91,4.29
8.219.122.96,2052,2052,false,SIN,Asia Pacific,Singapore,11,4.29
47.236.7.206,2082,2082,false,SIN,Asia Pacific,Singapore,31,4.29
8.210.146.108,2087,2087,true,HKG,Asia Pacific,Hong Kong,92,4.28
47.245.114.163,2083,2083,true,SIN,Asia Pacific,Singapore,55,4.28
8.209.214.222,2096,2096,true,NRT,Asia Pacific,Tokyo,87,4.27
47.245.52.240,8443,8443,true,NRT,Asia Pacific,Tokyo,255,4.27
47.245.58.250,8443,8443,true,NRT,Asia Pacific,Tokyo,172,4.27
47.243.86.79,2095,2095,false,HKG,Asia Pacific,Hong Kong,41,4.27
47.91.21.127,2087,2087,true,NRT,Asia Pacific,Tokyo,113,4.27
8.218.11.90,443,443,true,HKG,Asia Pacific,Hong Kong,43,4.27
47.91.3.135,2053,2053,true,NRT,Asia Pacific,Tokyo,97,4.26
47.91.31.231,2096,2096,true,NRT,Asia Pacific,Tokyo,119,4.25
8.219.58.64,2096,2096,true,SIN,Asia Pacific,Singapore,82,4.25
47.242.174.27,2053,2053,true,HKG,Asia Pacific,Hong Kong,72,4.25
47.74.52.188,2095,2095,false,NRT,Asia Pacific,Tokyo,73,4.25
8.210.107.246,8080,8080,false,HKG,Asia Pacific,Hong Kong,37,4.25
8.222.254.91,2083,2083,true,SIN,Asia Pacific,Singapore,58,4.25
47.74.13.200,8880,8880,false,NRT,Asia Pacific,Tokyo,89,4.25
47.245.40.55,80,80,false,HKG,Asia Pacific,Hong Kong,157,4.25
47.245.40.55,2082,2082,false,HKG,Asia Pacific,Hong Kong,158,4.24
8.222.255.15,8880,8880,false,SIN,Asia Pacific,Singapore,7,4.24
8.219.199.220,2095,2095,false,SIN,Asia Pacific,Singapore,10,4.24
47.243.203.119,8880,8880,false,HKG,Asia Pacific,Hong Kong,109,4.24
47.91.28.27,2095,2095,false,NRT,Asia Pacific,Tokyo,89,4.24
8.210.119.11,8443,8443,true,HKG,Asia Pacific,Hong Kong,57,4.24
8.222.224.162,2082,2082,false,SIN,Asia Pacific,Singapore,24,4.23
8.219.222.98,8880,8880,false,SIN,Asia Pacific,Singapore,34,4.23
47.74.11.251,2082,2082,false,NRT,Asia Pacific,Tokyo,85,4.23
8.209.214.222,2087,2087,true,NRT,Asia Pacific,Tokyo,127,4.23
8.219.208.69,8443,8443,true,SIN,Asia Pacific,Singapore,82,4.23
8.219.237.250,2095,2095,false,SIN,Asia Pacific,Singapore,178,4.23
47.242.155.183,2095,2095,false,HKG,Asia Pacific,Hong Kong,79,4.23
47.245.52.165,8443,8443,true,NRT,Asia Pacific,Tokyo,165,4.22
8.219.87.34,2086,2086,false,SIN,Asia Pacific,Singapore,6,4.22
8.209.214.222,8443,8443,true,NRT,Asia Pacific,Tokyo,120,4.22
47.74.9.174,2086,2086,false,NRT,Asia Pacific,Tokyo,72,4.22
47.245.33.158,2052,2052,false,NRT,Asia Pacific,Tokyo,82,4.22
8.217.207.60,8880,8880,false,HKG,Asia Pacific,Hong Kong,38,4.21
8.219.70.117,2086,2086,false,SIN,Asia Pacific,Singapore,16,4.21
8.210.192.93,2096,2096,true,HKG,Asia Pacific,Hong Kong,86,4.21
8.219.213.112,2087,2087,true,SIN,Asia Pacific,Singapore,146,4.21
8.219.173.195,80,80,false,SIN,Asia Pacific,Singapore,24,4.21
47.245.9.228,2096,2096,true,NRT,Asia Pacific,Tokyo,92,4.21
8.209.215.247,2086,2086,false,NRT,Asia Pacific,Tokyo,75,4.21
8.219.193.202,2082,2082,false,SIN,Asia Pacific,Singapore,39,4.20
8.219.201.245,8880,8880,false,SIN,Asia Pacific,Singapore,34,4.20
8.222.221.86,2083,2083,true,SIN,Asia Pacific,Singapore,63,4.20
8.222.167.8,2096,2096,true,SIN,Asia Pacific,Singapore,88,4.20
47.74.14.85,8080,8080,false,NRT,Asia Pacific,Tokyo,74,4.20
47.236.94.113,2096,2096,true,SIN,Asia Pacific,Singapore,94,4.20
47.245.54.140,8880,8880,false,NRT,Asia Pacific,Tokyo,97,4.20
8.222.193.208,2053,2053,true,SIN,Asia Pacific,Singapore,82,4.19
47.236.11.84,2096,2096,true,SIN,Asia Pacific,Singapore,94,4.19
8.222.157.86,443,443,true,SIN,Asia Pacific,Singapore,81,4.19
8.222.210.182,8443,8443,true,SIN,Asia Pacific,Singapore,220,4.19
8.218.52.115,8880,8880,false,HKG,Asia Pacific,Hong Kong,49,4.19
8.219.77.222,2087,2087,true,SIN,Asia Pacific,Singapore,63,4.18
47.245.114.163,2053,2053,true,SIN,Asia Pacific,Singapore,50,4.18
8.222.144.117,8880,8880,false,SIN,Asia Pacific,Singapore,16,4.18
47.245.115.6,2052,2052,false,SIN,Asia Pacific,Singapore,25,4.17
47.243.162.49,2083,2083,true,HKG,Asia Pacific,Hong Kong,133,4.17
8.222.222.64,2095,2095,false,SIN,Asia Pacific,Singapore,19,4.17
47.74.42.111,2082,2082,false,NRT,Asia Pacific,Tokyo,79,4.17
47.76.81.55,80,80,false,HKG,Asia Pacific,Hong Kong,34,4.17
8.218.52.115,80,80,false,HKG,Asia Pacific,Hong Kong,71,4.16
8.210.156.6,2086,2086,false,HKG,Asia Pacific,Hong Kong,42,4.16
8.219.106.15,2095,2095,false,SIN,Asia Pacific,Singapore,23,4.16
8.222.140.87,2086,2086,false,SIN,Asia Pacific,Singapore,24,4.16
47.236.11.84,80,80,false,SIN,Asia Pacific,Singapore,15,4.16
47.74.13.66,2095,2095,false,NRT,Asia Pacific,Tokyo,87,4.16
8.219.60.54,2053,2053,true,SIN,Asia Pacific,Singapore,38,4.16
47.74.27.151,8443,8443,true,NRT,Asia Pacific,Tokyo,81,4.16
8.219.235.164,2053,2053,true,SIN,Asia Pacific,Singapore,97,4.15
47.76.168.152,443,443,true,HKG,Asia Pacific,Hong Kong,45,4.15
47.74.4.179,2087,2087,true,NRT,Asia Pacific,Tokyo,131,4.15
47.236.7.206,2083,2083,true,SIN,Asia Pacific,Singapore,91,4.15
47.74.40.13,2095,2095,false,NRT,Asia Pacific,Tokyo,76,4.15
8.209.214.222,2082,2082,false,NRT,Asia Pacific,Tokyo,79,4.15
8.219.201.245,2083,2083,true,SIN,Asia Pacific,Singapore,101,4.14
8.222.224.163,8080,8080,false,SIN,Asia Pacific,Singapore,5,4.14
47.245.114.163,8443,8443,true,SIN,Asia Pacific,Singapore,76,4.14
47.242.155.183,8880,8880,false,HKG,Asia Pacific,Hong Kong,78,4.14
47.245.59.243,2053,2053,true,NRT,Asia Pacific,Tokyo,79,4.13
8.222.224.17,2083,2083,true,SIN,Asia Pacific,Singapore,87,4.13
8.219.77.222,8080,8080,false,SIN,Asia Pacific,Singapore,8,4.13
8.210.151.69,2087,2087,true,HKG,Asia Pacific,Hong Kong,102,4.13
8.219.157.97,2083,2083,true,SIN,Asia Pacific,Singapore,100,4.13
47.245.11.62,2096,2096,true,NRT,Asia Pacific,Tokyo,206,4.13
8.219.12.152,2053,2053,true,SIN,Asia Pacific,Singapore,94,4.13
8.219.40.255,2082,2082,false,SIN,Asia Pacific,Singapore,6,4.12
8.219.5.10,80,80,false,SIN,Asia Pacific,Singapore,19,4.12
8.219.51.211,8080,8080,false,SIN,Asia Pacific,Singapore,3,4.12
47.236.11.84,2082,2082,false,SIN,Asia Pacific,Singapore,797,4.12
47.236.5.223,2086,2086,false,SIN,Asia Pacific,Singapore,23,4.11
8.219.248.47,2083,2083,true,SIN,Asia Pacific,Singapore,51,4.11
47.236.7.206,8080,8080,false,SIN,Asia Pacific,Singapore,798,4.11
47.245.126.151,2087,2087,true,SIN,Asia Pacific,Singapore,72,4.11
47.245.10.123,2083,2083,true,NRT,Asia Pacific,Tokyo,179,4.11
47.245.57.38,2083,2083,true,HKG,Asia Pacific,Hong Kong,336,4.11
47.74.4.47,2053,2053,true,NRT,Asia Pacific,Tokyo,162,4.11
8.222.248.188,2095,2095,false,SIN,Asia Pacific,Singapore,11,4.11
47.236.11.84,2083,2083,true,SIN,Asia Pacific,Singapore,104,4.11
8.222.254.91,2096,2096,true,SIN,Asia Pacific,Singapore,52,4.10
47.74.10.135,2053,2053,true,NRT,Asia Pacific,Tokyo,218,4.10
8.218.11.90,2087,2087,true,HKG,Asia Pacific,Hong Kong,46,4.10
8.219.58.64,8443,8443,true,SIN,Asia Pacific,Singapore,47,4.09
47.245.37.41,8880,8880,false,NRT,Asia Pacific,Tokyo,90,4.09
8.210.112.33,2096,2096,true,HKG,Asia Pacific,Hong Kong,47,4.09
47.236.148.174,2052,2052,false,SIN,Asia Pacific,Singapore,30,4.09
47.236.15.73,2052,2052,false,SIN,Asia Pacific,Singapore,27,4.08
8.210.107.246,80,80,false,HKG,Asia Pacific,Hong Kong,82,4.08
8.210.250.120,80,80,false,HKG,Asia Pacific,Hong Kong,43,4.08
8.217.221.165,2052,2052,false,HKG,Asia Pacific,Hong Kong,44,4.08
8.219.199.220,2087,2087,true,SIN,Asia Pacific,Singapore,221,4.08
47.245.39.49,2083,2083,true,HKG,Asia Pacific,Hong Kong,268,4.08
8.219.222.8,2083,2083,true,SIN,Asia Pacific,Singapore,168,4.08
8.218.18.132,2086,2086,false,HKG,Asia Pacific,Hong Kong,57,4.08
8.210.21.65,8880,8880,false,HKG,Asia Pacific,Hong Kong,79,4.08
8.218.2.181,8880,8880,false,HKG,Asia Pacific,Hong Kong,84,4.08
47.242.17.250,2087,2087,true,HKG,Asia Pacific,Hong Kong,97,4.07
8.222.226.15,2087,2087,true,SIN,Asia Pacific,Singapore,68,4.07
8.219.50.180,2052,2052,false,SIN,Asia Pacific,Singapore,4,4.07
8.219.145.245,443,443,true,SIN,Asia Pacific,Singapore,105,4.07
47.245.115.6,2086,2086,false,SIN,Asia Pacific,Singapore,14,4.06
47.74.39.96,2052,2052,false,NRT,Asia Pacific,Tokyo,93,4.06
47.245.113.117,8880,8880,false,SIN,Asia Pacific,Singapore,22,4.06
47.245.118.70,2052,2052,false,SIN,Asia Pacific,Singapore,15,4.06
47.245.33.56,2052,2052,false,NRT,Asia Pacific,Tokyo,81,4.06
47.245.56.29,8880,8880,false,NRT,Asia Pacific,Tokyo,89,4.06
47.236.5.223,2087,2087,true,SIN,Asia Pacific,Singapore,69,4.06
47.74.16.255,80,80,false,NRT,Asia Pacific,Tokyo,89,4.05
47.74.34.73,2087,2087,true,NRT,Asia Pacific,Tokyo,134,4.05
8.219.60.54,2052,2052,false,SIN,Asia Pacific,Singapore,22,4.05
8.218.3.12,2052,2052,false,HKG,Asia Pacific,Hong Kong,32,4.05
47.245.113.12,8443,8443,true,SIN,Asia Pacific,Singapore,13,4.05
8.219.115.215,2052,2052,false,SIN,Asia Pacific,Singapore,8,4.05
8.210.65.1,8443,8443,true,HKG,Asia Pacific,Hong Kong,46,4.05
47.91.19.249,2095,2095,false,NRT,Asia Pacific,Tokyo,79,4.05
47.74.43.24,8443,8443,true,NRT,Asia Pacific,Tokyo,171,4.04
47.245.37.89,8880,8880,false,NRT,Asia Pacific,Tokyo,82,4.04
47.236.7.13,80,80,false,SIN,Asia Pacific,Singapore,27,4.04
8.209.200.73,2083,2083,true,NRT,Asia Pacific,Tokyo,87,4.04
47.245.41.169,2052,2052,false,NRT,Asia Pacific,Tokyo,86,4.04
8.219.210.93,8080,8080,false,SIN,Asia Pacific,Singapore,64,4.04
47.245.114.163,2082,2082,false,SIN,Asia Pacific,Singapore,22,4.04
47.242.234.127,2082,2082,false,HKG,Asia Pacific,Hong Kong,40,4.04
47.74.26.131,8080,8080,false,NRT,Asia Pacific,Tokyo,81,4.04
47.236.15.73,80,80,false,SIN,Asia Pacific,Singapore,19,4.04
47.236.7.206,80,80,false,SIN,Asia Pacific,Singapore,21,4.03
47.74.13.66,8880,8880,false,NRT,Asia Pacific,Tokyo,99,4.03
47.245.107.174,8880,8880,false,SIN,Asia Pacific,Singapore,11,4.03
8.210.250.120,2052,2052,false,HKG,Asia Pacific,Hong Kong,83,4.03
8.209.255.195,8080,8080,false,HKG,Asia Pacific,Hong Kong,169,4.03
47.242.234.127,8080,8080,false,HKG,Asia Pacific,Hong Kong,100,4.03
47.242.145.123,8443,443,true,HKG,Asia Pacific,Hong Kong,51,4.03
47.245.34.140,2083,2083,true,NRT,Asia Pacific,Tokyo,98,4.03
47.74.40.13,2082,2082,false,NRT,Asia Pacific,Tokyo,77,4.02
8.222.208.38,2095,2095,false,SIN,Asia Pacific,Singapore,13,4.02
8.210.146.108,8080,8080,false,HKG,Asia Pacific,Hong Kong,38,4.02
47.245.115.6,8880,8880,false,SIN,Asia Pacific,Singapore,35,4.02
47.74.46.84,2087,2087,true,NRT,Asia Pacific,Tokyo,102,4.02
47.74.41.88,8080,8080,false,HKG,Asia Pacific,Hong Kong,163,4.02
8.210.119.11,2052,2052,false,HKG,Asia Pacific,Hong Kong,39,4.02
47.242.145.123,8443,443,true,HKG,Asia Pacific,Hong Kong,41,4.02
47.245.55.99,2083,2083,true,NRT,Asia Pacific,Tokyo,216,4.01
47.236.94.109,2082,2082,false,SIN,Asia Pacific,Singapore,42,4.01
8.222.212.219,8880,8880,false,SIN,Asia Pacific,Singapore,25,4.01
47.245.113.117,2083,2083,true,SIN,Asia Pacific,Singapore,42,4.01
8.210.3.24,8443,8443,true,HKG,Asia Pacific,Hong Kong,91,4.01
47.245.40.55,2087,2087,true,HKG,Asia Pacific,Hong Kong,303,4.01
8.210.21.65,2087,2087,true,HKG,Asia Pacific,Hong Kong,80,4.00
8.210.146.108,80,80,false,HKG,Asia Pacific,Hong Kong,36,4.00
47.245.6.9,2086,2086,false,HKG,Asia Pacific,Hong Kong,160,4.00
47.245.37.94,2086,2086,false,NRT,Asia Pacific,Tokyo,77,4.00
47.91.21.107,2087,2087,true,NRT,Asia Pacific,Tokyo,100,4.00
8.219.53.222,2095,2095,false,SIN,Asia Pacific,Singapore,21,4.00
8.209.214.222,2086,2086,false,NRT,Asia Pacific,Tokyo,74,4.00
47.74.41.87,80,80,false,NRT,Asia Pacific,Tokyo,83,3.99
47.245.59.188,2087,2087,true,NRT,Asia Pacific,Tokyo,183,3.99
8.219.121.24,2052,2052,false,SIN,Asia Pacific,Singapore,8,3.99
47.245.108.213,8443,8443,true,SIN,Asia Pacific,Singapore,79,3.98
47.254.66.75,443,443,true,SJC,North America,San Jose,183,3.98
47.74.42.111,2095,2095,false,NRT,Asia Pacific,Tokyo,81,3.98
8.222.208.38,2086,2086,false,SIN,Asia Pacific,Singapore,16,3.98
8.219.220.122,2095,2095,false,SIN,Asia Pacific,Singapore,20,3.97
8.222.131.102,80,80,false,SIN,Asia Pacific,Singapore,6,3.97
47.91.19.249,2096,2096,true,NRT,Asia Pacific,Tokyo,151,3.97
8.222.255.15,2087,2087,true,SIN,Asia Pacific,Singapore,86,3.97
8.209.240.229,2083,2083,true,NRT,Asia Pacific,Tokyo,88,3.96
47.74.5.99,2087,2087,true,NRT,Asia Pacific,Tokyo,248,3.96
47.245.56.29,8443,8443,true,NRT,Asia Pacific,Tokyo,142,3.96
47.91.18.207,2096,2096,true,NRT,Asia Pacific,Tokyo,99,3.96
47.245.54.98,2053,2053,true,NRT,Asia Pacific,Tokyo,252,3.96
47.74.26.131,2086,2086,false,NRT,Asia Pacific,Tokyo,88,3.96
8.218.22.210,2095,2095,false,HKG,Asia Pacific,Hong Kong,62,3.96
8.219.210.93,80,80,false,SIN,Asia Pacific,Singapore,83,3.95
47.236.5.223,2052,2052,false,SIN,Asia Pacific,Singapore,37,3.95
47.74.26.196,2083,2083,true,HKG,Asia Pacific,Hong Kong,240,3.95
8.222.253.235,2086,2086,false,SIN,Asia Pacific,Singapore,6,3.95
8.210.156.6,2087,2087,true,HKG,Asia Pacific,Hong Kong,43,3.95
8.219.0.162,2086,2086,false,SIN,Asia Pacific,Singapore,15,3.95
47.236.84.196,443,443,true,SIN,Asia Pacific,Singapore,113,3.95
8.222.160.61,2087,2087,true,SIN,Asia Pacific,Singapore,92,3.95
47.245.40.55,2096,2096,true,HKG,Asia Pacific,Hong Kong,202,3.94
8.217.167.88,2052,2052,false,HKG,Asia Pacific,Hong Kong,42,3.94
47.245.4.22,2082,2082,false,HKG,Asia Pacific,Hong Kong,165,3.94
47.74.34.73,8880,8880,false,NRT,Asia Pacific,Tokyo,81,3.93
47.245.118.197,8880,8880,false,SIN,Asia Pacific,Singapore,17,3.93
47.74.43.24,8443,8443,true,NRT,Asia Pacific,Tokyo,90,3.93
8.222.214.231,8443,8443,true,SIN,Asia Pacific,Singapore,109,3.93
47.74.9.174,2082,2082,false,NRT,Asia Pacific,Tokyo,74,3.93
8.222.208.83,8443,8443,true,SIN,Asia Pacific,Singapore,69,3.92
47.243.42.219,2087,2087,true,HKG,Asia Pacific,Hong Kong,94,3.92
47.245.113.12,2053,2053,true,SIN,Asia Pacific,Singapore,37,3.92
8.210.65.1,2083,2083,true,HKG,Asia Pacific,Hong Kong,44,3.92
8.217.85.14,2096,2096,true,HKG,Asia Pacific,Hong Kong,111,3.92
8.217.167.88,2082,2082,false,HKG,Asia Pacific,Hong Kong,83,3.92
8.219.5.10,2052,2052,false,SIN,Asia Pacific,Singapore,2,3.92
47.74.34.73,8880,8880,false,NRT,Asia Pacific,Tokyo,71,3.92
8.219.228.30,2052,2052,false,SIN,Asia Pacific,Singapore,10,3.91
8.217.49.34,2082,2082,false,HKG,Asia Pacific,Hong Kong,35,3.91
47.245.59.133,2096,2096,true,NRT,Asia Pacific,Tokyo,175,3.91
47.245.33.158,8880,8880,false,NRT,Asia Pacific,Tokyo,82,3.91
47.245.54.98,2095,2095,false,NRT,Asia Pacific,Tokyo,81,3.90
47.74.39.194,8880,8880,false,NRT,Asia Pacific,Tokyo,78,3.90
47.91.17.102,2086,2086,false,NRT,Asia Pacific,Tokyo,89,3.90
47.245.118.70,2087,2087,true,SIN,Asia Pacific,Singapore,102,3.90
8.209.214.222,2095,2095,false,NRT,Asia Pacific,Tokyo,75,3.90
47.245.113.117,2086,2086,false,SIN,Asia Pacific,Singapore,25,3.89
8.222.138.164,2086,2086,false,SIN,Asia Pacific,Singapore,14,3.89
8.219.209.14,2087,2087,true,SIN,Asia Pacific,Singapore,74,3.89
8.210.146.108,2095,2095,false,HKG,Asia Pacific,Hong Kong,132,3.89
8.222.175.78,2052,2052,false,SIN,Asia Pacific,Singapore,26,3.89
47.236.4.129,2086,2086,false,SIN,Asia Pacific,Singapore,34,3.89
8.210.55.134,2052,2052,false,HKG,Asia Pacific,Hong Kong,41,3.88
8.210.3.24,2052,2052,false,HKG,Asia Pacific,Hong Kong,80,3.88
8.219.151.193,2086,2086,false,SIN,Asia Pacific,Singapore,6,3.88
8.219.124.227,2086,2086,false,SIN,Asia Pacific,Singapore,8,3.88
8.219.236.8,2083,2083,true,SIN,Asia Pacific,Singapore,198,3.88
8.222.137.166,8080,8080,false,SIN,Asia Pacific,Singapore,23,3.88
8.210.117.18,2083,2083,true,HKG,Asia Pacific,Hong Kong,74,3.88
8.209.200.73,2083,2083,true,NRT,Asia Pacific,Tokyo,89,3.88
8.219.42.72,2083,2083,true,SIN,Asia Pacific,Singapore,60,3.88
47.245.33.158,2087,2087,true,NRT,Asia Pacific,Tokyo,181,3.88
47.91.3.135,2096,2096,true,NRT,Asia Pacific,Tokyo,115,3.88
47.74.13.239,2053,2053,true,NRT,Asia Pacific,Tokyo,119,3.88
47.245.54.98,2087,2087,true,NRT,Asia Pacific,Tokyo,151,3.87
47.74.18.121,8443,8443,true,NRT,Asia Pacific,Tokyo,175,3.87
47.74.34.38,2086,2086,false,NRT,Asia Pacific,Tokyo,87,3.87
47.74.54.33,8880,8880,false,NRT,Asia Pacific,Tokyo,91,3.87
47.243.42.219,2053,2053,true,HKG,Asia Pacific,Hong Kong,114,3.86
47.74.13.239,80,80,false,NRT,Asia Pacific,Tokyo,94,3.86
47.74.34.162,80,80,false,NRT,Asia Pacific,Tokyo,80,3.86
8.219.206.180,2052,2052,false,SIN,Asia Pacific,Singapore,11,3.86
47.91.22.115,8080,8080,false,NRT,Asia Pacific,Tokyo,88,3.86
47.74.40.13,2053,2053,true,NRT,Asia Pacific,Tokyo,121,3.85
47.245.34.36,8880,8880,false,NRT,Asia Pacific,Tokyo,83,3.85
8.219.210.64,2095,2095,false,SIN,Asia Pacific,Singapore,11,3.85
47.74.7.214,2086,2086,false,NRT,Asia Pacific,Tokyo,86,3.84
47.243.70.197,8080,8080,false,HKG,Asia Pacific,Hong Kong,35,3.84
8.210.156.6,2053,2053,true,HKG,Asia Pacific,Hong Kong,48,3.84
47.242.234.127,2086,2086,false,HKG,Asia Pacific,Hong Kong,53,3.84
8.217.121.254,2053,2053,true,HKG,Asia Pacific,Hong Kong,69,3.83
47.245.113.12,2087,2087,true,SIN,Asia Pacific,Singapore,48,3.83
8.219.12.152,2096,2096,true,SIN,Asia Pacific,Singapore,141,3.83
47.74.49.62,80,80,false,NRT,Asia Pacific,Tokyo,77,3.82
47.236.7.206,8880,8880,false,SIN,Asia Pacific,Singapore,20,3.82
8.209.200.73,2053,2053,true,NRT,Asia Pacific,Tokyo,78,3.82
8.209.243.99,2087,2087,true,NRT,Asia Pacific,Tokyo,73,3.82
47.76.145.50,8443,443,true,HKG,Asia Pacific,Hong Kong,112,3.82
8.219.193.202,2052,2052,false,SIN,Asia Pacific,Singapore,9,3.82
8.219.209.14,2086,2086,false,SIN,Asia Pacific,Singapore,8,3.82
8.222.208.38,8443,8443,true,SIN,Asia Pacific,Singapore,49,3.81
47.242.17.250,2083,2083,true,HKG,Asia Pacific,Hong Kong,169,3.81
8.219.199.220,2083,2083,true,SIN,Asia Pacific,Singapore,94,3.81
8.219.12.152,2096,2096,true,SIN,Asia Pacific,Singapore,105,3.81
8.219.202.130,2095,2095,false,SIN,Asia Pacific,Singapore,36,3.80
8.217.193.25,2053,2053,true,HKG,Asia Pacific,Hong Kong,64,3.80
8.210.107.246,8880,8880,false,HKG,Asia Pacific,Hong Kong,155,3.80
47.74.40.13,8080,8080,false,NRT,Asia Pacific,Tokyo,79,3.80
8.210.119.11,8880,8880,false,HKG,Asia Pacific,Hong Kong,79,3.79
8.209.255.195,2082,2082,false,HKG,Asia Pacific,Hong Kong,171,3.79
47.245.59.133,2053,2053,true,NRT,Asia Pacific,Tokyo,215,3.79
47.245.37.37,2082,2082,false,NRT,Asia Pacific,Tokyo,82,3.79
47.245.56.50,2082,2082,false,NRT,Asia Pacific,Tokyo,77,3.78
47.242.59.216,2087,2087,true,HKG,Asia Pacific,Hong Kong,104,3.78
47.236.99.131,2052,2052,false,SIN,Asia Pacific,Singapore,38,3.77
8.222.164.44,2086,2086,false,SIN,Asia Pacific,Singapore,24,3.77
47.242.155.183,8080,8080,false,HKG,Asia Pacific,Hong Kong,41,3.77
47.236.7.246,2086,2086,false,SIN,Asia Pacific,Singapore,34,3.77
47.74.54.33,2082,2082,false,NRT,Asia Pacific,Tokyo,87,3.76
8.209.252.13,2095,2095,false,NRT,Asia Pacific,Tokyo,77,3.76
8.219.3.53,2087,2087,true,SIN,Asia Pacific,Singapore,53,3.76
47.245.107.174,80,80,false,SIN,Asia Pacific,Singapore,23,3.76
47.243.162.49,8880,8880,false,HKG,Asia Pacific,Hong Kong,66,3.76
47.76.94.15,8880,8880,false,HKG,Asia Pacific,Hong Kong,38,3.75
47.242.79.71,2087,2087,true,HKG,Asia Pacific,Hong Kong,59,3.75
8.219.72.51,2053,2053,true,SIN,Asia Pacific,Singapore,40,3.75
47.245.53.101,8080,8080,false,NRT,Asia Pacific,Tokyo,79,3.75
47.74.5.150,8880,8880,false,NRT,Asia Pacific,Tokyo,93,3.75
47.236.144.196,2087,2087,true,SIN,Asia Pacific,Singapore,82,3.75
47.74.34.51,8880,8880,false,NRT,Asia Pacific,Tokyo,70,3.75
8.222.150.197,2052,2052,false,SIN,Asia Pacific,Singapore,17,3.74
8.209.200.73,2086,2086,false,NRT,Asia Pacific,Tokyo,95,3.74
8.218.243.95,2052,2052,false,HKG,Asia Pacific,Hong Kong,41,3.74
47.91.22.115,2083,2083,true,NRT,Asia Pacific,Tokyo,119,3.74
8.217.91.121,2086,2086,false,HKG,Asia Pacific,Hong Kong,46,3.74
8.209.212.5,80,80,false,NRT,Asia Pacific,Tokyo,77,3.74
8.210.245.224,80,80,false,HKG,Asia Pacific,Hong Kong,37,3.73
8.209.214.157,2087,2087,true,NRT,Asia Pacific,Tokyo,111,3.73
47.91.29.108,8080,8080,false,NRT,Asia Pacific,Tokyo,79,3.73
47.74.15.80,2087,2087,true,NRT,Asia Pacific,Tokyo,151,3.73
47.74.13.66,8443,8443,true,NRT,Asia Pacific,Tokyo,194,3.73
8.219.199.220,2053,2053,true,SIN,Asia Pacific,Singapore,76,3.72
47.245.52.240,2096,2096,true,NRT,Asia Pacific,Tokyo,155,3.72
8.210.55.134,2086,2086,false,HKG,Asia Pacific,Hong Kong,81,3.72
8.219.222.8,2052,2052,false,SIN,Asia Pacific,Singapore,15,3.72
47.236.113.184,443,443,true,SIN,Asia Pacific,Singapore,90,3.72
8.219.157.97,8880,8880,false,SIN,Asia Pacific,Singapore,5,3.72
47.74.23.99,2095,2095,false,NRT,Asia Pacific,Tokyo,90,3.71
8.222.249.98,2082,2082,false,SIN,Asia Pacific,Singapore,9,3.71
47.245.118.70,2082,2082,false,SIN,Asia Pacific,Singapore,40,3.71
47.242.79.71,2095,2095,false,HKG,Asia Pacific,Hong Kong,45,3.71
47.245.118.70,8880,8880,false,SIN,Asia Pacific,Singapore,26,3.71
8.210.101.157,2082,2082,false,HKG,Asia Pacific,Hong Kong,44,3.70
47.245.52.240,2083,2083,true,NRT,Asia Pacific,Tokyo,171,3.70
47.76.77.103,8880,8880,false,HKG,Asia Pacific,Hong Kong,48,3.70
47.76.146.1,2086,2086,false,HKG,Asia Pacific,Hong Kong,49,3.70
47.245.37.89,8080,8080,false,NRT,Asia Pacific,Tokyo,101,3.70
8.217.85.14,8443,8443,true,HKG,Asia Pacific,Hong Kong,48,3.69
8.219.196.24,8880,8880,false,SIN,Asia Pacific,Singapore,6,3.69
47.74.26.196,2083,2083,true,HKG,Asia Pacific,Hong Kong,191,3.69
8.219.58.64,443,443,true,SIN,Asia Pacific,Singapore,41,3.69
47.245.37.41,2052,2052,false,NRT,Asia Pacific,Tokyo,74,3.68
47.243.70.197,2082,2082,false,HKG,Asia Pacific,Hong Kong,34,3.68
8.222.208.83,8080,8080,false,SIN,Asia Pacific,Singapore,16,3.68
47.236.19.51,2086,2086,false,SIN,Asia Pacific,Singapore,33,3.67
47.242.59.216,8080,8080,false,HKG,Asia Pacific,Hong Kong,81,3.67
47.74.43.24,2096,2096,true,NRT,Asia Pacific,Tokyo,90,3.67
47.91.21.127,2096,2096,true,NRT,Asia Pacific,Tokyo,90,3.67
8.222.211.124,2083,2083,true,SIN,Asia Pacific,Singapore,69,3.67
8.219.13.143,2052,2052,false,SIN,Asia Pacific,Singapore,26,3.67
8.217.221.165,8443,8443,true,HKG,Asia Pacific,Hong Kong,124,3.67
8.219.51.211,8880,8880,false,SIN,Asia Pacific,Singapore,4,3.67
47.243.162.49,2053,2053,true,HKG,Asia Pacific,Hong Kong,74,3.66
8.210.39.96,8880,8880,false,HKG,Asia Pacific,Hong Kong,90,3.66
8.222.212.219,8443,8443,true,SIN,Asia Pacific,Singapore,79,3.66
47.74.22.171,8080,8080,false,NRT,Asia Pacific,Tokyo,75,3.66
47.245.107.174,2095,2095,false,SIN,Asia Pacific,Singapore,12,3.66
8.218.243.95,443,443,true,HKG,Asia Pacific,Hong Kong,83,3.66
8.209.255.195,2095,2095,false,HKG,Asia Pacific,Hong Kong,167,3.66
47.91.19.249,80,80,false,NRT,Asia Pacific,Tokyo,79,3.66
8.219.114.201,2087,2087,true,SIN,Asia Pacific,Singapore,72,3.66
8.217.159.210,2053,2053,true,HKG,Asia Pacific,Hong Kong,55,3.66
8.218.18.132,80,80,false,HKG,Asia Pacific,Hong Kong,85,3.66
8.219.42.72,2082,2082,false,SIN,Asia Pacific,Singapore,34,3.66
47.245.107.174,2082,2082,false,SIN,Asia Pacific,Singapore,29,3.65
8.219.60.54,2083,2083,true,SIN,Asia Pacific,Singapore,69,3.65
47.243.70.197,2096,2096,true,HKG,Asia Pacific,Hong Kong,148,3.65
47.243.42.219,2096,2096,true,HKG,Asia Pacific,Hong Kong,93,3.65
8.209.243.172,2096,2096,true,NRT,Asia Pacific,Tokyo,97,3.65
8.218.22.210,8080,8080,false,HKG,Asia Pacific,Hong Kong,40,3.65
47.74.26.196,8080,8080,false,HKG,Asia Pacific,Hong Kong,166,3.65
47.74.26.131,8880,8880,false,NRT,Asia Pacific,Tokyo,82,3.65
47.74.49.62,8880,8880,false,NRT,Asia Pacific,Tokyo,73,3.65
8.219.5.10,8443,8443,true,SIN,Asia Pacific,Singapore,123,3.64
47.74.3.2,2082,2082,false,NRT,Asia Pacific,Tokyo,81,3.64
47.243.42.219,8443,8443,true,HKG,Asia Pacific,Hong Kong,41,3.64
47.245.108.213,2086,2086,false,SIN,Asia Pacific,Singapore,10,3.63
8.218.18.132,2083,2083,true,HKG,Asia Pacific,Hong Kong,70,3.63
47.245.108.213,2096,2096,true,SIN,Asia Pacific,Singapore,65,3.63
47.236.15.73,2095,2095,false,SIN,Asia Pacific,Singapore,348,3.63
47.91.23.146,2087,2087,true,NRT,Asia Pacific,Tokyo,78,3.63
47.74.39.96,2052,2052,false,NRT,Asia Pacific,Tokyo,70,3.63
8.219.213.112,2086,2086,false,SIN,Asia Pacific,Singapore,6,3.63
8.219.238.145,80,80,false,SIN,Asia Pacific,Singapore,16,3.63
47.74.34.162,2087,2087,true,NRT,Asia Pacific,Tokyo,85,3.61
8.209.200.73,8443,8443,true,NRT,Asia Pacific,Tokyo,115,3.61
47.245.54.58,2053,2053,true,NRT,Asia Pacific,Tokyo,185,3.61
8.222.255.15,8080,8080,false,SIN,Asia Pacific,Singapore,9,3.61
47.74.5.99,2082,2082,false,NRT,Asia Pacific,Tokyo,76,3.60
8.222.144.117,2082,2082,false,SIN,Asia Pacific,Singapore,22,3.59
8.222.175.78,2087,2087,true,SIN,Asia Pacific,Singapore,58,3.59
47.74.34.162,2082,2082,false,NRT,Asia Pacific,Tokyo,79,3.59
47.74.49.62,2087,2087,true,NRT,Asia Pacific,Tokyo,104,3.59
47.245.113.117,2053,2053,true,SIN,Asia Pacific,Singapore,7,3.59
47.236.7.246,2095,2095,false,SIN,Asia Pacific,Singapore,18,3.59
47.74.27.211,2082,2082,false,NRT,Asia Pacific,Tokyo,85,3.58
47.74.16.255,2052,2052,false,NRT,Asia Pacific,Tokyo,94,3.58
47.245.108.213,443,443,true,SIN,Asia Pacific,Singapore,48,3.58
47.236.11.84,2087,2087,true,SIN,Asia Pacific,Singapore,62,3.58
8.219.237.250,8880,8880,false,SIN,Asia Pacific,Singapore,22,3.58
47.245.118.70,8080,8080,false,SIN,Asia Pacific,Singapore,43,3.57
8.210.39.96,2087,2087,true,HKG,Asia Pacific,Hong Kong,78,3.57
47.245.54.58,2096,2096,true,NRT,Asia Pacific,Tokyo,194,3.56
8.219.173.239,2082,2082,false,SIN,Asia Pacific,Singapore,6,3.56
47.243.107.148,8443,8443,true,HKG,Asia Pacific,Hong Kong,137,3.56
47.74.5.99,2086,2086,false,NRT,Asia Pacific,Tokyo,81,3.56
8.219.78.1,2087,2087,true,SIN,Asia Pacific,Singapore,50,3.56
8.222.227.191,2096,2096,true,SIN,Asia Pacific,Singapore,64,3.56
8.209.214.157,8443,8443,true,NRT,Asia Pacific,Tokyo,97,3.55
47.245.41.84,2082,2082,false,NRT,Asia Pacific,Tokyo,83,3.55
47.245.33.158,80,80,false,NRT,Asia Pacific,Tokyo,87,3.55
47.242.79.71,2096,2096,true,HKG,Asia Pacific,Hong Kong,50,3.54
8.219.40.255,8443,8443,true,SIN,Asia Pacific,Singapore,34,3.54
47.236.7.206,2095,2095,false,SIN,Asia Pacific,Singapore,40,3.54
47.74.14.85,2083,2083,true,NRT,Asia Pacific,Tokyo,158,3.53
47.74.39.194,2052,2052,false,NRT,Asia Pacific,Tokyo,71,3.53
47.245.41.84,80,80,false,NRT,Asia Pacific,Tokyo,81,3.53
47.245.54.58,8443,8443,true,NRT,Asia Pacific,Tokyo,270,3.53
8.210.146.108,443,443,true,HKG,Asia Pacific,Hong Kong,33,3.52
8.222.159.252,8443,8443,true,SIN,Asia Pacific,Singapore,117,3.52
47.76.146.1,2052,2052,false,HKG,Asia Pacific,Hong Kong,37,3.52
8.209.214.222,2053,2053,true,NRT,Asia Pacific,Tokyo,96,3.52
8.209.212.5,8080,8080,false,NRT,Asia Pacific,Tokyo,87,3.52
47.236.7.246,8880,8880,false,SIN,Asia Pacific,Singapore,11,3.51
47.242.59.216,2095,2095,false,HKG,Asia Pacific,Hong Kong,59,3.51
47.74.43.24,2086,2086,false,NRT,Asia Pacific,Tokyo,82,3.51
47.245.114.163,2096,2096,true,SIN,Asia Pacific,Singapore,66,3.50
47.74.26.196,2087,2087,true,HKG,Asia Pacific,Hong Kong,211,3.50
47.236.7.206,2086,2086,false,SIN,Asia Pacific,Singapore,25,3.50
8.219.238.145,2082,2082,false,SIN,Asia Pacific,Singapore,40,3.49
47.74.42.111,8080,8080,false,NRT,Asia Pacific,Tokyo,74,3.49
8.222.193.208,80,80,false,SIN,Asia Pacific,Singapore,5,3.48
8.218.22.210,8880,8880,false,HKG,Asia Pacific,Hong Kong,92,3.47
8.219.55.31,8880,8880,false,SIN,Asia Pacific,Singapore,13,3.47
47.236.117.48,2083,2083,true,SIN,Asia Pacific,Singapore,134,3.47
8.218.2.181,2096,2096,true,HKG,Asia Pacific,Hong Kong,155,3.47
8.218.243.95,80,80,false,HKG,Asia Pacific,Hong Kong,42,3.46
47.76.37.57,2082,2082,false,HKG,Asia Pacific,Hong Kong,83,3.46
8.219.0.162,2052,2052,false,SIN,Asia Pacific,Singapore,21,3.46
47.236.7.246,2087,2087,true,SIN,Asia Pacific,Singapore,46,3.46
8.219.103.57,443,443,true,SIN,Asia Pacific,Singapore,71,3.46
47.243.70.197,2082,2082,false,HKG,Asia Pacific,Hong Kong,47,3.46
47.76.176.242,443,443,true,HKG,Asia Pacific,Hong Kong,38,3.46
8.219.206.180,2082,2082,false,SIN,Asia Pacific,Singapore,10,3.45
47.245.57.109,2052,2052,false,NRT,Asia Pacific,Tokyo,77,3.45
47.245.54.140,2086,2086,false,NRT,Asia Pacific,Tokyo,121,3.45
8.222.145.164,2082,2082,false,SIN,Asia Pacific,Singapore,11,3.45
47.245.56.121,2083,2083,true,NRT,Asia Pacific,Tokyo,218,3.44
47.242.234.127,2095,2095,false,HKG,Asia Pacific,Hong Kong,81,3.44
47.245.108.213,2087,2087,true,SIN,Asia Pacific,Singapore,43,3.44
47.242.171.94,8880,8880,false,HKG,Asia Pacific,Hong Kong,88,3.44
8.222.236.229,2053,2053,true,SIN,Asia Pacific,Singapore,105,3.44
47.91.17.102,2095,2095,false,NRT,Asia Pacific,Tokyo,90,3.44
8.209.246.24,8443,8443,true,NRT,Asia Pacific,Tokyo,99,3.44
47.236.11.84,2086,2086,false,SIN,Asia Pacific,Singapore,46,3.44
47.91.21.149,2082,2082,false,NRT,Asia Pacific,Tokyo,83,3.44
47.74.34.135,2086,2086,false,NRT,Asia Pacific,Tokyo,81,3.43
47.245.56.29,2087,2087,true,NRT,Asia Pacific,Tokyo,244,3.43
8.219.126.240,2082,2082,false,SIN,Asia Pacific,Singapore,10,3.43
8.209.214.157,2096,2096,true,NRT,Asia Pacific,Tokyo,102,3.43
47.236.148.174,80,80,false,SIN,Asia Pacific,Singapore,21,3.43
8.222.193.208,2083,2083,true,SIN,Asia Pacific,Singapore,127,3.42
8.222.224.163,2082,2082,false,SIN,Asia Pacific,Singapore,11,3.42
8.217.250.222,80,80,false,HKG,Asia Pacific,Hong Kong,39,3.42
47.236.11.84,2052,2052,false,SIN,Asia Pacific,Singapore,186,3.42
8.219.73.188,8080,8080,false,SIN,Asia Pacific,Singapore,26,3.42
47.245.126.151,2095,2095,false,SIN,Asia Pacific,Singapore,12,3.41
47.76.33.40,8880,8880,false,HKG,Asia Pacific,Hong Kong,90,3.41
47.242.234.127,2095,2095,false,HKG,Asia Pacific,Hong Kong,84,3.41
47.74.13.200,80,80,false,NRT,Asia Pacific,Tokyo,90,3.41
47.242.174.27,8443,8443,true,HKG,Asia Pacific,Hong Kong,123,3.40
47.245.107.174,2096,2096,true,SIN,Asia Pacific,Singapore,69,3.40
8.210.117.18,2053,2053,true,HKG,Asia Pacific,Hong Kong,113,3.39
47.74.4.47,2095,2095,false,NRT,Asia Pacific,Tokyo,93,3.39
47.242.171.94,8080,8080,false,HKG,Asia Pacific,Hong Kong,124,3.39
47.245.34.36,8080,8080,false,NRT,Asia Pacific,Tokyo,77,3.39
47.245.37.37,2095,2095,false,NRT,Asia Pacific,Tokyo,83,3.39
47.74.54.145,2095,2095,false,NRT,Asia Pacific,Tokyo,83,3.39
47.242.59.216,2086,2086,false,HKG,Asia Pacific,Hong Kong,129,3.38
47.242.54.157,443,443,true,HKG,Asia Pacific,Hong Kong,51,3.38
47.74.22.171,2082,2082,false,NRT,Asia Pacific,Tokyo,86,3.38
8.222.255.15,2083,2083,true,SIN,Asia Pacific,Singapore,159,3.38
47.245.113.12,2082,2082,false,SIN,Asia Pacific,Singapore,14,3.38
47.245.57.38,2087,2087,true,HKG,Asia Pacific,Hong Kong,225,3.37
47.74.42.17,8080,8080,false,NRT,Asia Pacific,Tokyo,83,3.37
47.245.54.140,2096,2096,true,NRT,Asia Pacific,Tokyo,140,3.37
8.222.187.4,2095,2095,false,SIN,Asia Pacific,Singapore,5,3.37
47.76.146.1,2082,2082,false,HKG,Asia Pacific,Hong Kong,36,3.36
47.242.176.237,8880,8880,false,HKG,Asia Pacific,Hong Kong,56,3.36
47.245.57.38,2087,2087,true,HKG,Asia Pacific,Hong Kong,273,3.36
8.222.221.90,443,443,true,SIN,Asia Pacific,Singapore,76,3.36
47.236.5.223,80,80,false,SIN,Asia Pacific,Singapore,577,3.35
8.209.212.5,2053,2053,true,NRT,Asia Pacific,Tokyo,137,3.35
47.245.41.69,2052,2052,false,NRT,Asia Pacific,Tokyo,80,3.35
8.209.214.157,8880,8880,false,NRT,Asia Pacific,Tokyo,79,3.35
8.210.250.120,2053,2053,true,HKG,Asia Pacific,Hong Kong,48,3.34
8.219.157.97,80,80,false,SIN,Asia Pacific,Singapore,21,3.34
8.209.200.73,2087,2087,true,NRT,Asia Pacific,Tokyo,98,3.34
8.219.65.191,2053,2053,true,SIN,Asia Pacific,Singapore,100,3.34
47.245.42.162,8080,8080,false,NRT,Asia Pacific,Tokyo,79,3.34
8.219.208.69,80,80,false,SIN,Asia Pacific,Singapore,4,3.34
47.74.52.104,8080,8080,false,NRT,Asia Pacific,Tokyo,73,3.33
47.236.19.51,2052,2052,false,SIN,Asia Pacific,Singapore,36,3.33
47.91.23.146,8080,8080,false,NRT,Asia Pacific,Tokyo,104,3.33
47.243.70.197,2087,2087,true,HKG,Asia Pacific,Hong Kong,43,3.33
47.76.35.99,443,443,true,HKG,Asia Pacific,Hong Kong,45,3.33
47.91.25.66,2086,2086,false,NRT,Asia Pacific,Tokyo,74,3.33
47.245.118.70,2052,2052,false,SIN,Asia Pacific,Singapore,9,3.32
47.245.108.213,2095,2095,false,SIN,Asia Pacific,Singapore,10,3.32
47.245.113.12,2096,2096,true,SIN,Asia Pacific,Singapore,46,3.32
8.219.240.160,8880,8880,false,SIN,Asia Pacific,Singapore,11,3.32
47.74.11.251,8080,8080,false,NRT,Asia Pacific,Tokyo,76,3.32
8.219.200.145,2083,2083,true,SIN,Asia Pacific,Singapore,98,3.31
8.219.170.180,2052,2052,false,SIN,Asia Pacific,Singapore,6,3.31
47.74.41.136,80,80,false,NRT,Asia Pacific,Tokyo,86,3.31
8.219.5.10,2096,2096,true,SIN,Asia Pacific,Singapore,45,3.31
47.243.42.219,80,80,false,HKG,Asia Pacific,Hong Kong,39,3.31
8.219.249.38,80,80,false,SIN,Asia Pacific,Singapore,12,3.31
47.245.30.208,8080,8080,false,NRT,Asia Pacific,Tokyo,87,3.31
8.222.253.235,2095,2095,false,SIN,Asia Pacific,Singapore,9,3.30
47.236.150.109,2083,2083,true,SIN,Asia Pacific,Singapore,44,3.30
8.219.210.64,2083,2083,true,SIN,Asia Pacific,Singapore,209,3.30
8.219.170.232,80,80,false,SIN,Asia Pacific,Singapore,7,3.30
47.74.40.13,2096,2096,true,NRT,Asia Pacific,Tokyo,70,3.30
8.219.222.98,2095,2095,false,SIN,Asia Pacific,Singapore,13,3.30
47.242.171.94,2087,2087,true,HKG,Asia Pacific,Hong Kong,138,3.30
47.242.176.237,2082,2082,false,HKG,Asia Pacific,Hong Kong,48,3.30
8.218.65.237,80,80,false,HKG,Asia Pacific,Hong Kong,81,3.30
47.74.34.38,2082,2082,false,NRT,Asia Pacific,Tokyo,98,3.30
47.236.7.206,2052,2052,false,SIN,Asia Pacific,Singapore,23,3.30
47.245.126.151,80,80,false,SIN,Asia Pacific,Singapore,6,3.30
8.210.117.18,2086,2086,false,HKG,Asia Pacific,Hong Kong,124,3.29
47.74.43.24,8880,8880,false,NRT,Asia Pacific,Tokyo,82,3.29
47.245.38.233,2095,2095,false,NRT,Asia Pacific,Tokyo,91,3.29
8.209.200.73,8443,8443,true,NRT,Asia Pacific,Tokyo,80,3.29
8.219.114.201,2052,2052,false,SIN,Asia Pacific,Singapore,14,3.29
8.210.117.18,2052,2052,false,HKG,Asia Pacific,Hong Kong,45,3.28
8.209.212.5,2052,2052,false,NRT,Asia Pacific,Tokyo,79,3.28
8.222.211.124,8880,8880,false,SIN,Asia Pacific,Singapore,11,3.28
8.209.242.25,2082,2082,false,NRT,Asia Pacific,Tokyo,90,3.28
8.219.83.201,2082,2082,false,SIN,Asia Pacific,Singapore,4,3.28
8.219.215.12,8880,8880,false,SIN,Asia Pacific,Singapore,11,3.27
47.242.59.216,2083,2083,true,HKG,Asia Pacific,Hong Kong,37,3.27
47.245.59.188,2087,2087,true,NRT,Asia Pacific,Tokyo,152,3.27
47.245.4.22,2087,2087,true,HKG,Asia Pacific,Hong Kong,296,3.27
47.245.59.133,8080,8080,false,NRT,Asia Pacific,Tokyo,83,3.27
8.219.103.65,8080,8080,false,SIN,Asia Pacific,Singapore,20,3.27
8.209.214.222,80,80,false,NRT,Asia Pacific,Tokyo,77,3.26
8.219.228.193,2086,2086,false,SIN,Asia Pacific,Singapore,14,3.26
47.74.34.38,2052,2052,false,NRT,Asia Pacific,Tokyo,101,3.26
47.245.37.89,2095,2095,false,NRT,Asia Pacific,Tokyo,93,3.26
47.245.6.9,2096,2096,true,HKG,Asia Pacific,Hong Kong,163,3.26
8.219.201.174,2095,2095,false,SIN,Asia Pacific,Singapore,17,3.25
47.245.11.62,2095,2095,false,NRT,Asia Pacific,Tokyo,91,3.25
8.222.211.16,8080,8080,false,SIN,Asia Pacific,Singapore,13,3.25
47.74.7.214,80,80,false,NRT,Asia Pacific,Tokyo,103,3.25
8.219.58.64,2087,2087,true,SIN,Asia Pacific,Singapore,66,3.24
47.245.113.12,80,80,false,SIN,Asia Pacific,Singapore,39,3.24
47.74.37.50,8880,8880,false,NRT,Asia Pacific,Tokyo,70,3.24
47.74.18.121,2082,2082,false,NRT,Asia Pacific,Tokyo,79,3.24
8.217.91.121,2096,2096,true,HKG,Asia Pacific,Hong Kong,55,3.24
8.210.55.134,2096,2096,true,HKG,Asia Pacific,Hong Kong,40,3.23
8.222.198.105,2083,2083,true,SIN,Asia Pacific,Singapore,73,3.23
47.74.49.62,2082,2082,false,NRT,Asia Pacific,Tokyo,77,3.23
47.245.59.188,8443,8443,true,NRT,Asia Pacific,Tokyo,180,3.23
47.74.11.3,2095,2095,false,NRT,Asia Pacific,Tokyo,90,3.23
47.74.26.131,2086,2086,false,NRT,Asia Pacific,Tokyo,88,3.23
8.209.214.222,2052,2052,false,NRT,Asia Pacific,Tokyo,79,3.23
47.74.13.239,8880,8880,false,NRT,Asia Pacific,Tokyo,90,3.23
8.219.253.18,2086,2086,false,SIN,Asia Pacific,Singapore,6,3.23
47.245.53.101,2096,2096,true,NRT,Asia Pacific,Tokyo,260,3.23
47.74.41.88,2096,2096,true,HKG,Asia Pacific,Hong Kong,241,3.22
8.222.137.166,2083,2083,true,SIN,Asia Pacific,Singapore,115,3.22
47.245.56.50,2096,2096,true,NRT,Asia Pacific,Tokyo,191,3.22
8.217.49.34,80,80,false,HKG,Asia Pacific,Hong Kong,38,3.21
47.242.155.183,2052,2052,false,HKG,Asia Pacific,Hong Kong,54,3.21
8.219.142.229,8880,8880,false,SIN,Asia Pacific,Singapore,13,3.21
8.222.131.102,8443,8443,true,SIN,Asia Pacific,Singapore,77,3.21
8.209.214.222,2083,2083,true,NRT,Asia Pacific,Tokyo,85,3.21
8.219.121.24,80,80,false,SIN,Asia Pacific,Singapore,16,3.20
8.222.157.86,443,443,true,SIN,Asia Pacific,Singapore,79,3.20
8.210.21.65,2095,2095,false,HKG,Asia Pacific,Hong Kong,44,3.20
8.210.65.1,2096,2096,true,HKG,Asia Pacific,Hong Kong,42,3.20
47.74.26.131,2095,2095,false,NRT,Asia Pacific,Tokyo,86,3.20
47.242.59.216,2053,2053,true,HKG,Asia Pacific,Hong Kong,62,3.19
47.245.55.94,2096,2096,true,NRT,Asia Pacific,Tokyo,169,3.19
47.74.23.99,2096,2096,true,NRT,Asia Pacific,Tokyo,104,3.19
8.218.52.115,443,443,true,HKG,Asia Pacific,Hong Kong,85,3.19
47.74.22.171,80,80,false,NRT,Asia Pacific,Tokyo,91,3.19
8.217.49.34,2087,2087,true,HKG,Asia Pacific,Hong Kong,90,3.19
47.245.56.29,2083,2083,true,NRT,Asia Pacific,Tokyo,150,3.18
47.74.12.139,2086,2086,false,NRT,Asia Pacific,Tokyo,81,3.18
47.243.70.197,2052,2052,false,HKG,Asia Pacific,Hong Kong,86,3.18
47.245.113.12,8880,8880,false,SIN,Asia Pacific,Singapore,5,3.18
8.210.3.24,2095,2095,false,HKG,Asia Pacific,Hong Kong,37,3.18
47.242.17.250,2082,2082,false,HKG,Asia Pacific,Hong Kong,80,3.18
8.219.200.145,2095,2095,false,SIN,Asia Pacific,Singapore,39,3.17
47.74.41.136,2083,2083,true,NRT,Asia Pacific,Tokyo,96,3.17
47.242.17.250,8880,8880,false,HKG,Asia Pacific,Hong Kong,177,3.17
47.74.41.88,2095,2095,false,HKG,Asia Pacific,Hong Kong,163,3.17
8.219.3.53,2095,2095,false,SIN,Asia Pacific,Singapore,19,3.17
47.245.55.99,2096,2096,true,NRT,Asia Pacific,Tokyo,165,3.17
47.74.41.87,2086,2086,false,NRT,Asia Pacific,Tokyo,71,3.17
47.236.15.73,2087,2087,true,SIN,Asia Pacific,Singapore,107,3.17
47.74.32.25,8080,8080,false,NRT,Asia Pacific,Tokyo,81,3.16
47.91.21.127,8080,8080,false,NRT,Asia Pacific,Tokyo,73,3.16
47.242.59.216,8443,8443,true,HKG,Asia Pacific,Hong Kong,117,3.16
8.209.200.73,2096,2096,true,NRT,Asia Pacific,Tokyo,82,3.16
8.210.65.1,8880,8880,false,HKG,Asia Pacific,Hong Kong,126,3.16
47.245.53.101,2053,2053,true,NRT,Asia Pacific,Tokyo,210,3.16
8.222.193.208,2053,2053,true,SIN,Asia Pacific,Singapore,58,3.16
8.209.200.73,2082,2082,false,NRT,Asia Pacific,Tokyo,84,3.16
47.245.113.12,2095,2095,false,SIN,Asia Pacific,Singapore,11,3.15
8.218.22.210,443,443,true,HKG,Asia Pacific,Hong Kong,93,3.15
8.219.111.175,2082,2082,false,SIN,Asia Pacific,Singapore,8,3.15
47.245.30.65,8080,8080,false,NRT,Asia Pacific,Tokyo,96,3.15
47.74.37.50,2083,2083,true,NRT,Asia Pacific,Tokyo,111,3.13
47.245.52.153,2096,2096,true,NRT,Asia Pacific,Tokyo,189,3.13
47.245.108.213,2052,2052,false,SIN,Asia Pacific,Singapore,34,3.13
47.74.34.162,2052,2052,false,NRT,Asia Pacific,Tokyo,89,3.13
47.236.11.84,2095,2095,false,SIN,Asia Pacific,Singapore,33,3.12
8.209.200.73,8080,8080,false,NRT,Asia Pacific,Tokyo,84,3.12
47.236.87.206,2052,2052,false,SIN,Asia Pacific,Singapore,22,3.12
47.245.108.213,8880,8880,false,SIN,Asia Pacific,Singapore,27,3.12
47.74.22.171,2052,2052,false,NRT,Asia Pacific,Tokyo,82,3.11
8.222.140.87,2082,2082,false,SIN,Asia Pacific,Singapore,23,3.11
47.91.25.66,80,80,false,NRT,Asia Pacific,Tokyo,92,3.11
47.242.171.94,2086,2086,false,HKG,Asia Pacific,Hong Kong,42,3.10
47.245.56.207,2053,2053,true,NRT,Asia Pacific,Tokyo,254,3.10
47.74.26.131,2082,2082,false,NRT,Asia Pacific,Tokyo,81,3.10
47.245.118.70,2086,2086,false,SIN,Asia Pacific,Singapore,43,3.10
8.210.192.93,2082,2082,false,HKG,Asia Pacific,Hong Kong,94,3.10
47.245.37.89,2052,2052,false,NRT,Asia Pacific,Tokyo,89,3.10
47.245.53.101,8443,8443,true,NRT,Asia Pacific,Tokyo,145,3.09
47.74.10.135,2087,2087,true,NRT,Asia Pacific,Tokyo,255,3.09
47.245.41.84,8080,8080,false,NRT,Asia Pacific,Tokyo,91,3.09
47.245.39.49,2087,2087,true,HKG,Asia Pacific,Hong Kong,268,3.09
8.217.221.165,2082,2082,false,HKG,Asia Pacific,Hong Kong,92,3.08
47.245.108.213,8080,8080,false,SIN,Asia Pacific,Singapore,25,3.08
47.74.43.95,8443,8443,true,NRT,Asia Pacific,Tokyo,104,3.08
47.91.31.235,8080,8080,false,NRT,Asia Pacific,Tokyo,74,3.08
8.222.202.163,2052,2052,false,SIN,Asia Pacific,Singapore,22,3.08
8.219.66.156,2095,2095,false,SIN,Asia Pacific,Singapore,10,3.07
47.245.118.70,2082,2082,false,SIN,Asia Pacific,Singapore,11,3.07
47.245.33.163,2052,2052,false,NRT,Asia Pacific,Tokyo,90,3.07
8.219.201.245,2082,2082,false,SIN,Asia Pacific,Singapore,40,3.07
8.209.255.195,2086,2086,false,HKG,Asia Pacific,Hong Kong,172,3.07
47.242.171.94,8443,8443,true,HKG,Asia Pacific,Hong Kong,56,3.06
47.245.53.50,2087,2087,true,NRT,Asia Pacific,Tokyo,161,3.06
8.222.244.123,2095,2095,false,SIN,Asia Pacific,Singapore,14,3.06
47.245.113.117,8080,8080,false,SIN,Asia Pacific,Singapore,9,3.06
47.76.138.249,8080,80,false,HKG,Asia Pacific,Hong Kong,85,3.06
8.219.248.47,8443,8443,true,SIN,Asia Pacific,Singapore,91,3.06
8.222.212.172,2052,2052,false,SIN,Asia Pacific,Singapore,9,3.06
8.222.197.251,8080,8080,false,SIN,Asia Pacific,Singapore,7,3.05
47.245.115.6,8080,8080,false,SIN,Asia Pacific,Singapore,21,3.05
47.236.79.77,8443,8443,true,SIN,Asia Pacific,Singapore,115,3.05
8.219.110.88,80,80,false,SIN,Asia Pacific,Singapore,8,3.05
8.222.212.172,2082,2082,false,SIN,Asia Pacific,Singapore,9,3.04
47.74.13.200,2082,2082,false,NRT,Asia Pacific,Tokyo,88,3.04
47.91.22.115,2095,2095,false,NRT,Asia Pacific,Tokyo,85,3.04
47.242.171.94,8880,8880,false,HKG,Asia Pacific,Hong Kong,44,3.04
47.243.42.219,8880,8880,false,HKG,Asia Pacific,Hong Kong,51,3.04
47.74.41.88,8443,8443,true,HKG,Asia Pacific,Hong Kong,229,3.03
47.245.59.243,2082,2082,false,NRT,Asia Pacific,Tokyo,93,3.03
47.236.116.26,2087,2087,true,SIN,Asia Pacific,Singapore,192,3.03
47.242.17.250,8443,8443,true,HKG,Asia Pacific,Hong Kong,104,3.02
47.74.27.211,2086,2086,false,NRT,Asia Pacific,Tokyo,96,3.02
47.242.171.94,80,80,false,HKG,Asia Pacific,Hong Kong,34,3.02
8.218.243.95,2083,2083,true,HKG,Asia Pacific,Hong Kong,141,3.02
47.242.176.237,8880,8880,false,HKG,Asia Pacific,Hong Kong,43,3.01
47.245.54.140,2053,2053,true,NRT,Asia Pacific,Tokyo,204,3.01
47.245.113.117,2082,2082,false,SIN,Asia Pacific,Singapore,39,3.01
47.74.54.33,2053,2053,true,NRT,Asia Pacific,Tokyo,141,3.00
47.74.41.87,8080,8080,false,NRT,Asia Pacific,Tokyo,71,3.00
8.222.224.162,2095,2095,false,SIN,Asia Pacific,Singapore,12,3.00
47.91.21.127,2095,2095,false,NRT,Asia Pacific,Tokyo,91,2.99
8.219.198.139,2082,2082,false,SIN,Asia Pacific,Singapore,35,2.99
47.242.174.27,2083,2083,true,HKG,Asia Pacific,Hong Kong,110,2.99
47.245.57.38,8443,8443,true,HKG,Asia Pacific,Hong Kong,299,2.99
47.91.23.108,2087,2087,true,NRT,Asia Pacific,Tokyo,79,2.98
8.209.240.229,2087,2087,true,NRT,Asia Pacific,Tokyo,120,2.98
8.219.152.195,2083,2083,true,SIN,Asia Pacific,Singapore,66,2.98
8.210.3.24,2086,2086,false,HKG,Asia Pacific,Hong Kong,78,2.98
47.236.125.62,2083,2083,true,SIN,Asia Pacific,Singapore,105,2.98
8.217.149.28,443,443,true,HKG,Asia Pacific,Hong Kong,139,2.98
8.222.208.38,2083,2083,true,SIN,Asia Pacific,Singapore,60,2.98
47.74.34.162,2087,2087,true,NRT,Asia Pacific,Tokyo,166,2.97
8.219.114.201,2095,2095,false,SIN,Asia Pacific,Singapore,13,2.97
47.245.52.153,8443,8443,true,NRT,Asia Pacific,Tokyo,287,2.97
8.219.104.242,80,80,false,SIN,Asia Pacific,Singapore,15,2.97
47.91.29.108,2053,2053,true,NRT,Asia Pacific,Tokyo,131,2.96
47.245.114.163,2087,2087,true,SIN,Asia Pacific,Singapore,59,2.95
47.242.176.237,2095,2095,false,HKG,Asia Pacific,Hong Kong,39,2.95
47.245.118.70,8880,8880,false,SIN,Asia Pacific,Singapore,18,2.95
47.243.70.197,2095,2095,false,HKG,Asia Pacific,Hong Kong,79,2.95
47.245.53.101,2052,2052,false,NRT,Asia Pacific,Tokyo,82,2.94
8.219.53.222,80,80,false,SIN,Asia Pacific,Singapore,14,2.94
8.219.172.128,2052,2052,false,SIN,Asia Pacific,Singapore,21,2.94
8.219.222.98,2082,2082,false,SIN,Asia Pacific,Singapore,9,2.94
47.74.43.24,2087,2087,true,NRT,Asia Pacific,Tokyo,133,2.93
47.76.37.57,80,80,false,HKG,Asia Pacific,Hong Kong,81,2.93
8.219.237.250,80,80,false,SIN,Asia Pacific,Singapore,39,2.93
47.74.5.233,80,80,false,NRT,Asia Pacific,Tokyo,73,2.93
47.74.36.154,2086,2086,false,NRT,Asia Pacific,Tokyo,74,2.92
47.74.49.62,8080,8080,false,NRT,Asia Pacific,Tokyo,82,2.92
8.219.73.21,8080,8080,false,SIN,Asia Pacific,Singapore,6,2.92
8.218.243.95,8443,8443,true,HKG,Asia Pacific,Hong Kong,85,2.92
47.245.58.175,2096,2096,true,NRT,Asia Pacific,Tokyo,162,2.92
8.222.167.147,8880,8880,false,SIN,Asia Pacific,Singapore,27,2.92
47.242.176.237,2095,2095,false,HKG,Asia Pacific,Hong Kong,87,2.91
47.245.58.250,2083,2083,true,NRT,Asia Pacific,Tokyo,169,2.91
47.74.11.251,2096,2096,true,NRT,Asia Pacific,Tokyo,137,2.91
47.245.54.197,2096,2096,true,NRT,Asia Pacific,Tokyo,197,2.91
8.219.77.91,8880,8880,false,SIN,Asia Pacific,Singapore,11,2.90
8.218.3.12,8080,8080,false,HKG,Asia Pacific,Hong Kong,37,2.90
47.74.15.117,2087,2087,true,NRT,Asia Pacific,Tokyo,141,2.90
8.219.111.175,2087,2087,true,SIN,Asia Pacific,Singapore,79,2.90
47.245.37.37,8880,8880,false,NRT,Asia Pacific,Tokyo,79,2.90
47.236.150.109,2095,2095,false,SIN,Asia Pacific,Singapore,28,2.89
47.245.59.244,8880,8880,false,NRT,Asia Pacific,Tokyo,115,2.89
47.242.59.216,2082,2082,false,HKG,Asia Pacific,Hong Kong,40,2.89
8.219.196.24,8080,8080,false,SIN,Asia Pacific,Singapore,8,2.89
8.210.192.93,8880,8880,false,HKG,Asia Pacific,Hong Kong,40,2.88
8.209.214.157,8443,8443,true,NRT,Asia Pacific,Tokyo,119,2.88
47.245.41.169,8080,8080,false,NRT,Asia Pacific,Tokyo,87,2.87
47.245.42.210,8880,8880,false,NRT,Asia Pacific,Tokyo,77,2.87
47.243.203.119,2083,2083,true,HKG,Asia Pacific,Hong Kong,42,2.87
47.74.43.24,8880,8880,false,NRT,Asia Pacific,Tokyo,82,2.85
8.219.245.187,8080,8080,false,SIN,Asia Pacific,Singapore,17,2.85
47.91.17.102,2082,2082,false,NRT,Asia Pacific,Tokyo,82,2.85
8.219.237.250,2082,2082,false,SIN,Asia Pacific,Singapore,20,2.85
47.74.4.179,8080,8080,false,NRT,Asia Pacific,Tokyo,87,2.85
8.222.248.188,2082,2082,false,SIN,Asia Pacific,Singapore,46,2.84
47.245.37.98,2052,2052,false,NRT,Asia Pacific,Tokyo,95,2.84
8.222.252.150,8880,8880,false,SIN,Asia Pacific,Singapore,53,2.84
8.217.221.165,2095,2095,false,HKG,Asia Pacific,Hong Kong,42,2.84
47.74.13.66,2087,2087,true,NRT,Asia Pacific,Tokyo,156,2.84
47.245.118.197,8080,8080,false,SIN,Asia Pacific,Singapore,32,2.84
8.219.197.111,2095,2095,false,SIN,Asia Pacific,Singapore,21,2.83
8.219.97.179,2082,2082,false,SIN,Asia Pacific,Singapore,6,2.83
47.242.234.127,2096,2096,true,HKG,Asia Pacific,Hong Kong,45,2.83
47.236.7.246,2052,2052,false,SIN,Asia Pacific,Singapore,47,2.82
47.74.27.94,2096,2096,true,NRT,Asia Pacific,Tokyo,177,2.82
47.91.23.108,8443,8443,true,NRT,Asia Pacific,Tokyo,105,2.82
8.222.253.235,8880,8880,false,SIN,Asia Pacific,Singapore,10,2.81
8.222.224.162,2087,2087,true,SIN,Asia Pacific,Singapore,49,2.81
8.210.156.6,8880,8880,false,HKG,Asia Pacific,Hong Kong,91,2.80
8.219.228.30,80,80,false,SIN,Asia Pacific,Singapore,46,2.80
8.219.103.57,2082,2082,false,SIN,Asia Pacific,Singapore,6,2.80
8.219.175.127,2082,2082,false,SIN,Asia Pacific,Singapore,16,2.80
47.74.22.171,2086,2086,false,NRT,Asia Pacific,Tokyo,92,2.79
8.209.214.222,8080,8080,false,NRT,Asia Pacific,Tokyo,77,2.79
47.74.54.33,2086,2086,false,NRT,Asia Pacific,Tokyo,89,2.79
8.219.186.189,80,80,false,SIN,Asia Pacific,Singapore,5,2.79
8.219.206.53,443,443,true,SIN,Asia Pacific,Singapore,138,2.78
8.219.42.72,2053,2053,true,SIN,Asia Pacific,Singapore,50,2.78
8.218.18.235,8080,8080,false,HKG,Asia Pacific,Hong Kong,41,2.78
8.219.122.96,2087,2087,true,SIN,Asia Pacific,Singapore,47,2.77
47.74.5.99,8880,8880,false,NRT,Asia Pacific,Tokyo,99,2.77
8.219.201.8,80,80,false,SIN,Asia Pacific,Singapore,21,2.77
47.74.42.17,2096,2096,true,NRT,Asia Pacific,Tokyo,123,2.77
8.222.211.16,2052,2052,false,SIN,Asia Pacific,Singapore,10,2.77
47.74.37.50,80,80,false,NRT,Asia Pacific,Tokyo,75,2.76
8.217.193.25,2083,2083,true,HKG,Asia Pacific,Hong Kong,174,2.76
8.219.209.14,2082,2082,false,SIN,Asia Pacific,Singapore,11,2.75
8.209.200.73,2052,2052,false,NRT,Asia Pacific,Tokyo,88,2.75
8.219.103.126,2052,2052,false,SIN,Asia Pacific,Singapore,22,2.75
8.210.151.69,2052,2052,false,HKG,Asia Pacific,Hong Kong,48,2.75
8.217.85.14,2053,2053,true,HKG,Asia Pacific,Hong Kong,139,2.75
8.210.119.11,8080,8080,false,HKG,Asia Pacific,Hong Kong,82,2.74
47.74.9.174,2053,2053,true,NRT,Asia Pacific,Tokyo,102,2.74
8.209.248.161,8443,8443,true,NRT,Asia Pacific,Tokyo,116,2.74
47.236.7.246,2082,2082,false,SIN,Asia Pacific,Singapore,11,2.73
8.222.129.245,2086,2086,false,SIN,Asia Pacific,Singapore,11,2.73
47.74.12.139,80,80,false,NRT,Asia Pacific,Tokyo,76,2.73
8.219.104.242,2083,2083,true,SIN,Asia Pacific,Singapore,89,2.73
47.91.22.115,2087,2087,true,NRT,Asia Pacific,Tokyo,84,2.72
8.219.215.12,2086,2086,false,SIN,Asia Pacific,Singapore,213,2.72
47.74.49.62,8880,8880,false,NRT,Asia Pacific,Tokyo,91,2.72
47.242.171.94,2095,2095,false,HKG,Asia Pacific,Hong Kong,86,2.72
47.245.54.197,2086,2086,false,NRT,Asia Pacific,Tokyo,116,2.72
8.219.167.113,8080,8080,false,SIN,Asia Pacific,Singapore,5,2.71
47.236.94.113,2095,2095,false,SIN,Asia Pacific,Singapore,26,2.71
47.245.40.55,2095,2095,false,HKG,Asia Pacific,Hong Kong,167,2.71
8.210.9.129,443,443,true,HKG,Asia Pacific,Hong Kong,77,2.71
47.74.11.251,2053,2053,true,NRT,Asia Pacific,Tokyo,180,2.70
47.245.118.197,2083,2083,true,SIN,Asia Pacific,Singapore,58,2.70
8.219.170.232,2095,2095,false,SIN,Asia Pacific,Singapore,6,2.70
8.218.52.115,2095,2095,false,HKG,Asia Pacific,Hong Kong,95,2.69
47.245.113.117,2095,2095,false,SIN,Asia Pacific,Singapore,10,2.68
8.210.250.120,2086,2086,false,HKG,Asia Pacific,Hong Kong,41,2.68
47.74.4.179,2083,2083,true,NRT,Asia Pacific,Tokyo,105,2.67
47.74.3.2,2086,2086,false,NRT,Asia Pacific,Tokyo,78,2.67
8.219.129.38,8443,8443,true,SIN,Asia Pacific,Singapore,21,2.67
47.74.45.143,2083,2083,true,NRT,Asia Pacific,Tokyo,91,2.66
47.245.56.50,2053,2053,true,NRT,Asia Pacific,Tokyo,153,2.66
47.236.116.182,2087,2087,true,SIN,Asia Pacific,Singapore,99,2.66
47.74.5.99,2052,2052,false,NRT,Asia Pacific,Tokyo,108,2.65
8.218.65.237,8880,8880,false,HKG,Asia Pacific,Hong Kong,39,2.65
8.222.159.252,2053,2053,true,SIN,Asia Pacific,Singapore,93,2.65
47.242.155.183,2082,2082,false,HKG,Asia Pacific,Hong Kong,41,2.64
47.245.57.109,2096,2096,true,NRT,Asia Pacific,Tokyo,158,2.64
47.245.56.207,2096,2096,true,NRT,Asia Pacific,Tokyo,171,2.64
47.245.107.174,8880,8880,false,SIN,Asia Pacific,Singapore,11,2.63
47.245.115.6,2083,2083,true,SIN,Asia Pacific,Singapore,57,2.63
8.219.253.18,8880,8880,false,SIN,Asia Pacific,Singapore,5,2.63
47.74.11.219,2086,2086,false,NRT,Asia Pacific,Tokyo,91,2.62
47.245.37.29,2095,2095,false,NRT,Asia Pacific,Tokyo,75,2.62
8.210.3.24,80,80,false,HKG,Asia Pacific,Hong Kong,38,2.62
8.210.156.6,2096,2096,true,HKG,Asia Pacific,Hong Kong,49,2.62
8.219.104.242,8443,8443,true,SIN,Asia Pacific,Singapore,63,2.62
47.91.25.66,8880,8880,false,NRT,Asia Pacific,Tokyo,100,2.61
47.245.58.175,2053,2053,true,NRT,Asia Pacific,Tokyo,196,2.61
47.74.13.239,8080,8080,false,NRT,Asia Pacific,Tokyo,88,2.61
8.219.201.8,2095,2095,false,SIN,Asia Pacific,Singapore,17,2.61
47.243.42.219,2086,2086,false,HKG,Asia Pacific,Hong Kong,92,2.61
47.245.33.163,80,80,false,NRT,Asia Pacific,Tokyo,77,2.61
47.245.57.38,2095,2095,false,HKG,Asia Pacific,Hong Kong,168,2.61
47.245.6.9,2053,2053,true,HKG,Asia Pacific,Hong Kong,222,2.60
47.91.23.146,2095,2095,false,NRT,Asia Pacific,Tokyo,79,2.60
8.219.73.188,2082,2082,false,SIN,Asia Pacific,Singapore,7,2.60
47.245.57.38,2086,2086,false,HKG,Asia Pacific,Hong Kong,162,2.60
47.76.146.1,443,443,true,HKG,Asia Pacific,Hong Kong,108,2.60
8.219.196.117,8080,8080,false,SIN,Asia Pacific,Singapore,12,2.59
47.245.37.98,2083,2083,true,NRT,Asia Pacific,Tokyo,182,2.59
8.222.187.107,8880,8880,false,SIN,Asia Pacific,Singapore,42,2.58
47.245.59.244,8443,8443,true,NRT,Asia Pacific,Tokyo,179,2.58
8.219.6.157,443,443,true,SIN,Asia Pacific,Singapore,89,2.58
8.222.244.123,80,80,false,SIN,Asia Pacific,Singapore,42,2.58
47.242.174.27,2096,2096,true,HKG,Asia Pacific,Hong Kong,129,2.58
47.245.58.250,2087,2087,true,NRT,Asia Pacific,Tokyo,192,2.58
8.218.18.132,2095,2095,false,HKG,Asia Pacific,Hong Kong,60,2.58
47.245.53.50,2096,2096,true,NRT,Asia Pacific,Tokyo,208,2.57
8.219.58.64,80,80,false,SIN,Asia Pacific,Singapore,22,2.57
8.218.243.95,2096,2096,true,HKG,Asia Pacific,Hong Kong,112,2.56
8.209.252.13,2086,2086,false,NRT,Asia Pacific,Tokyo,89,2.56
8.222.213.221,2082,2082,false,SIN,Asia Pacific,Singapore,14,2.55
47.91.21.127,2083,2083,true,NRT,Asia Pacific,Tokyo,103,2.55
8.219.42.72,2052,2052,false,SIN,Asia Pacific,Singapore,9,2.55
47.91.21.127,2086,2086,false,NRT,Asia Pacific,Tokyo,89,2.55
8.219.215.214,2095,2095,false,SIN,Asia Pacific,Singapore,53,2.54
8.219.112.75,80,80,false,SIN,Asia Pacific,Singapore,6,2.54
8.210.151.69,80,80,false,HKG,Asia Pacific,Hong Kong,36,2.53
8.217.250.222,443,443,true,HKG,Asia Pacific,Hong Kong,116,2.53
8.222.137.166,2096,2096,true,SIN,Asia Pacific,Singapore,122,2.52
8.217.85.14,2095,2095,false,HKG,Asia Pacific,Hong Kong,47,2.52
47.74.27.94,8080,8080,false,NRT,Asia Pacific,Tokyo,92,2.52
47.236.150.109,2082,2082,false,SIN,Asia Pacific,Singapore,24,2.51
47.242.54.157,8080,8080,false,HKG,Asia Pacific,Hong Kong,85,2.51
8.222.219.34,2082,2082,false,SIN,Asia Pacific,Singapore,10,2.50
47.74.7.51,80,80,false,NRT,Asia Pacific,Tokyo,81,2.50
47.74.34.73,2095,2095,false,NRT,Asia Pacific,Tokyo,82,2.50
47.91.20.88,2087,2087,true,NRT,Asia Pacific,Tokyo,87,2.50
47.74.23.99,2087,2087,true,NRT,Asia Pacific,Tokyo,89,2.49
8.217.147.230,2087,2087,true,HKG,Asia Pacific,Hong Kong,65,2.49
8.222.144.117,2052,2052,false,SIN,Asia Pacific,Singapore,23,2.49
47.245.59.133,8080,8080,false,NRT,Asia Pacific,Tokyo,93,2.49
47.74.34.73,2052,2052,false,NRT,Asia Pacific,Tokyo,88,2.49
8.219.222.8,2095,2095,false,SIN,Asia Pacific,Singapore,16,2.49
47.242.171.94,2082,2082,false,HKG,Asia Pacific,Hong Kong,45,2.48
47.245.38.233,2053,2053,true,NRT,Asia Pacific,Tokyo,147,2.48
47.236.116.182,80,80,false,SIN,Asia Pacific,Singapore,63,2.48
47.243.203.119,2086,2086,false,HKG,Asia Pacific,Hong Kong,139,2.48
8.209.212.5,8443,8443,true,NRT,Asia Pacific,Tokyo,124,2.48
47.74.36.154,8080,8080,false,NRT,Asia Pacific,Tokyo,85,2.47
47.245.38.233,8080,8080,false,NRT,Asia Pacific,Tokyo,79,2.47
47.236.114.23,2052,2052,false,SIN,Asia Pacific,Singapore,27,2.47
8.222.237.131,8880,8880,false,SIN,Asia Pacific,Singapore,7,2.46
47.74.42.17,2082,2082,false,NRT,Asia Pacific,Tokyo,70,2.46
47.74.11.3,2083,2083,true,NRT,Asia Pacific,Tokyo,118,2.46
47.236.116.182,2053,2053,true,SIN,Asia Pacific,Singapore,132,2.46
47.245.113.12,2052,2052,false,SIN,Asia Pacific,Singapore,8,2.45
8.219.248.47,2053,2053,true,SIN,Asia Pacific,Singapore,60,2.45
47.245.39.49,2086,2086,false,HKG,Asia Pacific,Hong Kong,165,2.45
8.222.168.24,8443,8443,true,SIN,Asia Pacific,Singapore,32,2.45
8.222.219.34,2096,2096,true,SIN,Asia Pacific,Singapore,114,2.45
47.242.171.94,2052,2052,false,HKG,Asia Pacific,Hong Kong,42,2.44
8.210.55.134,8880,8880,false,HKG,Asia Pacific,Hong Kong,91,2.43
8.210.146.108,2086,2086,false,HKG,Asia Pacific,Hong Kong,36,2.43
47.245.37.41,8080,8080,false,NRT,Asia Pacific,Tokyo,76,2.43
8.219.228.193,2095,2095,false,SIN,Asia Pacific,Singapore,7,2.43
47.245.37.94,2082,2082,false,NRT,Asia Pacific,Tokyo,90,2.42
8.217.85.14,8880,8880,false,HKG,Asia Pacific,Hong Kong,45,2.42
8.219.206.180,2095,2095,false,SIN,Asia Pacific,Singapore,22,2.42
47.74.4.179,8880,8880,false,NRT,Asia Pacific,Tokyo,88,2.42
8.209.212.5,2082,2082,false,NRT,Asia Pacific,Tokyo,96,2.42
47.245.126.151,2096,2096,true,SIN,Asia Pacific,Singapore,43,2.41
8.218.243.95,2053,2053,true,HKG,Asia Pacific,Hong Kong,47,2.41
8.219.210.93,2082,2082,false,SIN,Asia Pacific,Singapore,422,2.40
47.76.146.1,2096,2096,true,HKG,Asia Pacific,Hong Kong,79,2.40
8.219.201.8,2086,2086,false,SIN,Asia Pacific,Singapore,26,2.40
8.219.170.232,8080,8080,false,SIN,Asia Pacific,Singapore,12,2.39
47.74.36.154,2095,2095,false,NRT,Asia Pacific,Tokyo,82,2.39
47.74.41.87,2096,2096,true,NRT,Asia Pacific,Tokyo,123,2.39
47.245.55.99,2053,2053,true,NRT,Asia Pacific,Tokyo,193,2.38
47.242.54.157,8880,8880,false,HKG,Asia Pacific,Hong Kong,88,2.38
8.210.107.246,2052,2052,false,HKG,Asia Pacific,Hong Kong,42,2.38
8.217.85.14,2087,2087,true,HKG,Asia Pacific,Hong Kong,117,2.37
47.245.115.6,443,443,true,SIN,Asia Pacific,Singapore,8,2.37
8.209.212.5,2086,2086,false,NRT,Asia Pacific,Tokyo,88,2.37
47.242.54.157,2096,2096,true,HKG,Asia Pacific,Hong Kong,44,2.36
8.219.200.145,8880,8880,false,SIN,Asia Pacific,Singapore,30,2.36
8.219.198.34,2082,2082,false,SIN,Asia Pacific,Singapore,13,2.35
8.222.153.11,80,80,false,SIN,Asia Pacific,Singapore,11,2.35
47.245.57.38,80,80,false,HKG,Asia Pacific,Hong Kong,185,2.35
47.242.155.183,8880,8880,false,HKG,Asia Pacific,Hong Kong,42,2.35
8.219.113.27,8080,8080,false,SIN,Asia Pacific,Singapore,15,2.35
47.245.39.28,8080,8080,false,NRT,Asia Pacific,Tokyo,76,2.35
47.91.22.115,8880,8880,false,NRT,Asia Pacific,Tokyo,93,2.34
47.245.39.28,2052,2052,false,NRT,Asia Pacific,Tokyo,92,2.34
47.245.11.62,80,80,false,NRT,Asia Pacific,Tokyo,76,2.33
8.217.251.62,443,443,true,HKG,Asia Pacific,Hong Kong,138,2.33
47.242.79.71,2083,2083,true,HKG,Asia Pacific,Hong Kong,162,2.33
8.222.253.235,2083,2083,true,SIN,Asia Pacific,Singapore,112,2.33
8.219.174.142,2052,2052,false,SIN,Asia Pacific,Singapore,16,2.33
47.242.17.250,2053,2053,true,HKG,Asia Pacific,Hong Kong,59,2.32
47.236.87.246,8080,8080,false,SIN,Asia Pacific,Singapore,37,2.32
47.91.28.27,2082,2082,false,NRT,Asia Pacific,Tokyo,86,2.32
8.210.117.18,8880,8880,false,HKG,Asia Pacific,Hong Kong,38,2.32
8.217.221.165,8080,8080,false,HKG,Asia Pacific,Hong Kong,39,2.31
8.219.193.202,8080,8080,false,SIN,Asia Pacific,Singapore,17,2.31
47.245.37.98,2086,2086,false,NRT,Asia Pacific,Tokyo,77,2.31
47.74.3.2,2083,2083,true,NRT,Asia Pacific,Tokyo,232,2.31
47.245.115.6,2087,2087,true,SIN,Asia Pacific,Singapore,83,2.31
8.218.65.237,2052,2052,false,HKG,Asia Pacific,Hong Kong,38,2.31
47.245.10.156,2096,2096,true,NRT,Asia Pacific,Tokyo,175,2.31
47.243.70.197,80,80,false,HKG,Asia Pacific,Hong Kong,38,2.30
47.245.108.213,2083,2083,true,SIN,Asia Pacific,Singapore,73,2.30
8.219.70.117,8080,8080,false,SIN,Asia Pacific,Singapore,27,2.28
47.245.59.188,2086,2086,false,NRT,Asia Pacific,Tokyo,94,2.27
8.219.50.180,8080,8080,false,SIN,Asia Pacific,Singapore,27,2.27
47.74.6.16,8880,8880,false,NRT,Asia Pacific,Tokyo,72,2.26
8.219.230.254,8880,8880,false,SIN,Asia Pacific,Singapore,12,2.26
8.210.39.96,2052,2052,false,HKG,Asia Pacific,Hong Kong,90,2.26
47.74.54.33,2087,2087,true,NRT,Asia Pacific,Tokyo,126,2.26
47.245.113.12,2083,2083,true,SIN,Asia Pacific,Singapore,23,2.26
47.242.234.127,443,443,true,HKG,Asia Pacific,Hong Kong,34,2.26
47.242.176.237,2052,2052,false,HKG,Asia Pacific,Hong Kong,81,2.26
8.219.66.156,8880,8880,false,SIN,Asia Pacific,Singapore,13,2.25
47.243.70.197,2087,2087,true,HKG,Asia Pacific,Hong Kong,96,2.25
8.210.101.157,2052,2052,false,HKG,Asia Pacific,Hong Kong,38,2.24
8.210.55.134,2082,2082,false,HKG,Asia Pacific,Hong Kong,82,2.24
8.209.200.73,2086,2086,false,NRT,Asia Pacific,Tokyo,85,2.24
8.219.141.174,2052,2052,false,SIN,Asia Pacific,Singapore,9,2.24
47.245.41.169,2086,2086,false,NRT,Asia Pacific,Tokyo,76,2.24
8.209.214.157,8080,8080,false,NRT,Asia Pacific,Tokyo,90,2.24
8.219.251.81,2052,2052,false,SIN,Asia Pacific,Singapore,9,2.24
8.219.167.113,2095,2095,false,SIN,Asia Pacific,Singapore,41,2.23
8.217.49.34,2086,2086,false,HKG,Asia Pacific,Hong Kong,43,2.23
8.219.195.47,80,80,false,SIN,Asia Pacific,Singapore,12,2.23
47.76.94.15,2086,2086,false,HKG,Asia Pacific,Hong Kong,85,2.23
47.74.54.145,2083,2083,true,NRT,Asia Pacific,Tokyo,164,2.23
47.245.41.84,2083,2083,true,NRT,Asia Pacific,Tokyo,120,2.23
8.219.170.180,2083,2083,true,SIN,Asia Pacific,Singapore,76,2.22
8.217.85.14,8080,8080,false,HKG,Asia Pacific,Hong Kong,46,2.22
8.210.3.24,8080,8080,false,HKG,Asia Pacific,Hong Kong,40,2.22
47.243.203.119,80,80,false,HKG,Asia Pacific,Hong Kong,87,2.22
8.210.146.108,8080,8080,false,HKG,Asia Pacific,Hong Kong,48,2.21
8.209.246.24,8880,8880,false,NRT,Asia Pacific,Tokyo,82,2.21
47.74.4.179,2095,2095,false,NRT,Asia Pacific,Tokyo,84,2.21
8.219.66.156,8080,8080,false,SIN,Asia Pacific,Singapore,5,2.20
47.243.161.235,80,80,false,HKG,Asia Pacific,Hong Kong,68,2.19
8.222.193.208,8880,8880,false,SIN,Asia Pacific,Singapore,11,2.19
47.245.37.98,2082,2082,false,NRT,Asia Pacific,Tokyo,78,2.19
47.242.79.71,2052,2052,false,HKG,Asia Pacific,Hong Kong,59,2.19
47.91.21.127,8443,8443,true,NRT,Asia Pacific,Tokyo,108,2.19
47.236.104.11,2086,2086,false,SIN,Asia Pacific,Singapore,36,2.19
47.74.42.17,8443,8443,true,NRT,Asia Pacific,Tokyo,134,2.18
47.243.42.219,2052,2052,false,HKG,Asia Pacific,Hong Kong,49,2.18
8.210.250.120,2095,2095,false,HKG,Asia Pacific,Hong Kong,48,2.18
47.236.82.218,2095,2095,false,SIN,Asia Pacific,Singapore,52,2.18
47.245.37.29,8880,8880,false,NRT,Asia Pacific,Tokyo,76,2.17
47.74.10.135,2095,2095,false,NRT,Asia Pacific,Tokyo,80,2.17
47.242.171.94,8080,8080,false,HKG,Asia Pacific,Hong Kong,40,2.16
47.74.36.154,80,80,false,NRT,Asia Pacific,Tokyo,76,2.16
47.245.39.28,8880,8880,false,NRT,Asia Pacific,Tokyo,97,2.16
47.242.176.237,2083,2083,true,HKG,Asia Pacific,Hong Kong,43,2.15
8.219.215.12,2082,2082,false,SIN,Asia Pacific,Singapore,8,2.15
8.222.202.163,2096,2096,true,SIN,Asia Pacific,Singapore,77,2.13
47.74.14.85,8080,8080,false,NRT,Asia Pacific,Tokyo,74,2.13
47.245.115.6,2053,2053,true,SIN,Asia Pacific,Singapore,86,2.13
47.245.6.9,80,80,false,HKG,Asia Pacific,Hong Kong,163,2.13
8.209.212.5,2053,2053,true,NRT,Asia Pacific,Tokyo,83,2.13
8.219.201.245,2086,2086,false,SIN,Asia Pacific,Singapore,16,2.13
8.209.214.157,2087,2087,true,NRT,Asia Pacific,Tokyo,90,2.13
47.245.42.210,8080,8080,false,NRT,Asia Pacific,Tokyo,90,2.12
8.219.40.255,2052,2052,false,SIN,Asia Pacific,Singapore,26,2.12
8.222.215.228,2095,2095,false,SIN,Asia Pacific,Singapore,6,2.12
8.210.21.65,80,80,false,HKG,Asia Pacific,Hong Kong,38,2.11
8.218.2.181,2087,2087,true,HKG,Asia Pacific,Hong Kong,122,2.11
47.91.31.231,2082,2082,false,NRT,Asia Pacific,Tokyo,88,2.11
47.245.32.215,2082,2082,false,NRT,Asia Pacific,Tokyo,86,2.11
47.242.155.183,80,80,false,HKG,Asia Pacific,Hong Kong,47,2.11
47.242.17.250,8080,8080,false,HKG,Asia Pacific,Hong Kong,135,2.10
47.243.203.119,443,443,true,HKG,Asia Pacific,Hong Kong,68,2.10
47.91.20.88,2053,2053,true,NRT,Asia Pacific,Tokyo,84,2.10
47.245.32.215,80,80,false,NRT,Asia Pacific,Tokyo,86,2.10
47.245.118.70,80,80,false,SIN,Asia Pacific,Singapore,15,2.10
47.74.39.194,80,80,false,NRT,Asia Pacific,Tokyo,70,2.10
47.245.107.174,443,443,true,SIN,Asia Pacific,Singapore,55,2.10
47.245.108.213,80,80,false,SIN,Asia Pacific,Singapore,29,2.09
47.74.11.3,8443,8443,true,NRT,Asia Pacific,Tokyo,150,2.09
47.74.36.154,2095,2095,false,NRT,Asia Pacific,Tokyo,70,2.08
47.91.22.115,2096,2096,true,NRT,Asia Pacific,Tokyo,95,2.08
8.219.167.65,2052,2052,false,SIN,Asia Pacific,Singapore,4,2.08
47.245.53.50,8443,8443,true,NRT,Asia Pacific,Tokyo,153,2.07
8.219.249.38,2082,2082,false,SIN,Asia Pacific,Singapore,11,2.07
8.219.65.191,2082,2082,false,SIN,Asia Pacific,Singapore,26,2.07
47.245.126.151,8443,8443,true,SIN,Asia Pacific,Singapore,86,2.07
47.245.15.236,2053,2053,true,NRT,Asia Pacific,Tokyo,192,2.07
8.209.214.157,2086,2086,false,NRT,Asia Pacific,Tokyo,82,2.06
47.242.174.27,2095,2095,false,HKG,Asia Pacific,Hong Kong,44,2.04
47.74.39.96,8443,8443,true,NRT,Asia Pacific,Tokyo,105,2.04
47.242.54.157,2095,2095,false,HKG,Asia Pacific,Hong Kong,87,2.03
47.74.7.214,2082,2082,false,NRT,Asia Pacific,Tokyo,85,2.03
47.74.34.51,2095,2095,false,NRT,Asia Pacific,Tokyo,90,2.03
47.242.174.27,2052,2052,false,HKG,Asia Pacific,Hong Kong,37,2.03
47.74.49.62,2053,2053,true,NRT,Asia Pacific,Tokyo,105,2.03
8.217.91.121,2052,2052,false,HKG,Asia Pacific,Hong Kong,119,2.03
47.74.39.96,2083,2083,true,NRT,Asia Pacific,Tokyo,82,2.02
8.210.65.1,443,443,true,HKG,Asia Pacific,Hong Kong,43,2.02
47.74.4.179,2053,2053,true,NRT,Asia Pacific,Tokyo,133,2.01
47.245.56.50,2083,2083,true,NRT,Asia Pacific,Tokyo,143,2.01
47.245.113.12,8080,8080,false,SIN,Asia Pacific,Singapore,21,2.01
47.245.59.133,2083,2083,true,NRT,Asia Pacific,Tokyo,169,2.00
8.210.101.157,2052,2052,false,HKG,Asia Pacific,Hong Kong,85,2.00
47.74.4.179,8443,8443,true,NRT,Asia Pacific,Tokyo,181,1.99
8.210.55.134,80,80,false,HKG,Asia Pacific,Hong Kong,37,1.98
47.74.11.3,2096,2096,true,NRT,Asia Pacific,Tokyo,123,1.98
8.219.201.8,2087,2087,true,SIN,Asia Pacific,Singapore,46,1.97
47.74.46.84,8080,8080,false,NRT,Asia Pacific,Tokyo,85,1.97
47.245.113.117,2052,2052,false,SIN,Asia Pacific,Singapore,16,1.97
8.209.212.5,2095,2095,false,NRT,Asia Pacific,Tokyo,73,1.95
47.243.70.197,443,443,true,HKG,Asia Pacific,Hong Kong,37,1.94
47.91.22.115,2052,2052,false,NRT,Asia Pacific,Tokyo,87,1.94
47.242.59.216,2052,2052,false,HKG,Asia Pacific,Hong Kong,131,1.94
8.219.42.72,2087,2087,true,SIN,Asia Pacific,Singapore,70,1.93
47.245.37.98,8880,8880,false,NRT,Asia Pacific,Tokyo,78,1.93
8.218.2.181,443,443,true,HKG,Asia Pacific,Hong Kong,96,1.93
47.236.150.109,2052,2052,false,SIN,Asia Pacific,Singapore,51,1.91
8.217.49.34,8443,8443,true,HKG,Asia Pacific,Hong Kong,133,1.91
8.219.122.55,2052,2052,false,SIN,Asia Pacific,Singapore,8,1.90
47.242.234.127,2083,2083,true,HKG,Asia Pacific,Hong Kong,100,1.90
8.209.200.73,2095,2095,false,NRT,Asia Pacific,Tokyo,76,1.90
8.210.101.157,2083,2083,true,HKG,Asia Pacific,Hong Kong,102,1.89
8.210.101.157,2095,2095,false,HKG,Asia Pacific,Hong Kong,35,1.89
47.245.7.212,2082,2082,false,NRT,Asia Pacific,Tokyo,83,1.89
8.219.198.34,2086,2086,false,SIN,Asia Pacific,Singapore,75,1.89
47.74.35.127,2087,2087,true,NRT,Asia Pacific,Tokyo,82,1.88
8.210.9.129,2087,2087,true,HKG,Asia Pacific,Hong Kong,81,1.87
8.219.174.213,2052,2052,false,SIN,Asia Pacific,Singapore,10,1.87
8.219.195.47,2095,2095,false,SIN,Asia Pacific,Singapore,11,1.86
47.245.41.84,2095,2095,false,NRT,Asia Pacific,Tokyo,92,1.86
47.245.56.50,2052,2052,false,NRT,Asia Pacific,Tokyo,82,1.85
47.245.15.236,80,80,false,NRT,Asia Pacific,Tokyo,87,1.85
47.245.53.101,2083,2083,true,NRT,Asia Pacific,Tokyo,231,1.84
47.76.32.108,2096,2096,true,HKG,Asia Pacific,Hong Kong,126,1.84
47.245.59.188,2096,2096,true,NRT,Asia Pacific,Tokyo,168,1.84
8.219.222.8,8880,8880,false,SIN,Asia Pacific,Singapore,18,1.83
8.219.220.88,8880,8880,false,SIN,Asia Pacific,Singapore,423,1.83
8.219.241.189,2082,2082,false,SIN,Asia Pacific,Singapore,5,1.83
8.219.251.81,80,80,false,SIN,Asia Pacific,Singapore,10,1.83
47.245.37.98,80,80,false,NRT,Asia Pacific,Tokyo,81,1.83
8.210.156.6,80,80,false,HKG,Asia Pacific,Hong Kong,81,1.83
8.210.101.157,2086,2086,false,HKG,Asia Pacific,Hong Kong,46,1.82
47.76.94.15,8080,8080,false,HKG,Asia Pacific,Hong Kong,89,1.82
8.210.151.69,8880,8880,false,HKG,Asia Pacific,Hong Kong,108,1.82
8.222.169.182,8880,8880,false,SIN,Asia Pacific,Singapore,323,1.81
47.242.155.183,2053,2053,true,HKG,Asia Pacific,Hong Kong,67,1.80
8.219.42.72,8443,8443,true,SIN,Asia Pacific,Singapore,35,1.80
47.245.118.70,2095,2095,false,SIN,Asia Pacific,Singapore,26,1.80
47.245.30.208,2087,2087,true,NRT,Asia Pacific,Tokyo,352,1.79
47.245.115.6,8443,8443,true,SIN,Asia Pacific,Singapore,64,1.79
8.210.21.65,2082,2082,false,HKG,Asia Pacific,Hong Kong,39,1.79
8.209.214.222,2082,2082,false,NRT,Asia Pacific,Tokyo,88,1.78
8.210.101.157,8443,8443,true,HKG,Asia Pacific,Hong Kong,81,1.77
47.74.43.24,2086,2086,false,NRT,Asia Pacific,Tokyo,89,1.76
47.245.58.175,2083,2083,true,NRT,Asia Pacific,Tokyo,232,1.76
47.243.203.119,2095,2095,false,HKG,Asia Pacific,Hong Kong,37,1.76
8.218.243.95,2083,2083,true,HKG,Asia Pacific,Hong Kong,62,1.76
47.245.38.233,80,80,false,NRT,Asia Pacific,Tokyo,83,1.74
47.245.57.38,8443,8443,true,HKG,Asia Pacific,Hong Kong,286,1.74
8.209.212.5,2096,2096,true,NRT,Asia Pacific,Tokyo,98,1.74
8.209.214.157,80,80,false,NRT,Asia Pacific,Tokyo,90,1.73
47.74.43.95,2087,2087,true,NRT,Asia Pacific,Tokyo,121,1.73
8.218.3.12,2083,2083,true,HKG,Asia Pacific,Hong Kong,65,1.72
47.245.40.55,2086,2086,false,HKG,Asia Pacific,Hong Kong,179,1.72
8.210.146.108,2096,2096,true,HKG,Asia Pacific,Hong Kong,46,1.71
8.222.211.124,2053,2053,true,SIN,Asia Pacific,Singapore,141,1.71
8.217.49.34,2052,2052,false,HKG,Asia Pacific,Hong Kong,44,1.71
8.217.91.121,8880,8880,false,HKG,Asia Pacific,Hong Kong,38,1.70
47.245.42.210,2086,2086,false,NRT,Asia Pacific,Tokyo,82,1.70
8.210.146.108,2082,2082,false,HKG,Asia Pacific,Hong Kong,80,1.70
8.219.198.34,80,80,false,SIN,Asia Pacific,Singapore,12,1.69
8.210.65.1,443,443,true,HKG,Asia Pacific,Hong Kong,139,1.68
47.245.57.38,8080,8080,false,HKG,Asia Pacific,Hong Kong,173,1.68
8.222.175.78,2086,2086,false,SIN,Asia Pacific,Singapore,35,1.67
8.222.187.107,2052,2052,false,SIN,Asia Pacific,Singapore,45,1.67
47.74.27.151,2053,2053,true,NRT,Asia Pacific,Tokyo,155,1.67
8.218.243.95,2087,2087,true,HKG,Asia Pacific,Hong Kong,97,1.66
47.245.41.84,8880,8880,false,NRT,Asia Pacific,Tokyo,86,1.66
47.245.56.121,2083,2083,true,NRT,Asia Pacific,Tokyo,210,1.66
47.245.52.165,2082,2082,false,NRT,Asia Pacific,Tokyo,85,1.66
47.243.70.197,2053,2053,true,HKG,Asia Pacific,Hong Kong,63,1.64
8.219.236.8,8880,8880,false,SIN,Asia Pacific,Singapore,14,1.64
47.89.191.155,443,443,true,IAD,North America,Ashburn,255,1.64
8.210.107.246,2095,2095,false,HKG,Asia Pacific,Hong Kong,37,1.64
8.219.51.211,2052,2052,false,SIN,Asia Pacific,Singapore,7,1.63
47.74.34.73,80,80,false,NRT,Asia Pacific,Tokyo,79,1.63
47.245.37.37,2086,2086,false,NRT,Asia Pacific,Tokyo,75,1.62
47.91.20.88,2083,2083,true,NRT,Asia Pacific,Tokyo,103,1.62
47.74.54.145,2096,2096,true,NRT,Asia Pacific,Tokyo,127,1.62
8.219.60.68,2095,2095,false,SIN,Asia Pacific,Singapore,15,1.61
47.245.39.28,2095,2095,false,NRT,Asia Pacific,Tokyo,77,1.61
47.242.176.237,2086,2086,false,HKG,Asia Pacific,Hong Kong,85,1.60
47.91.31.235,2087,2087,true,NRT,Asia Pacific,Tokyo,102,1.59
47.245.56.207,2053,2053,true,NRT,Asia Pacific,Tokyo,198,1.59
47.242.155.183,2087,2087,true,HKG,Asia Pacific,Hong Kong,118,1.58
47.91.31.231,8080,8080,false,NRT,Asia Pacific,Tokyo,90,1.58
47.245.42.210,2096,2096,true,NRT,Asia Pacific,Tokyo,100,1.58
47.236.65.177,80,80,false,SIN,Asia Pacific,Singapore,6,1.57
47.245.57.38,2096,2096,true,HKG,Asia Pacific,Hong Kong,262,1.56
47.74.40.13,2096,2096,true,NRT,Asia Pacific,Tokyo,127,1.56
8.217.49.34,8880,8880,false,HKG,Asia Pacific,Hong Kong,80,1.56
47.245.57.38,2053,2053,true,HKG,Asia Pacific,Hong Kong,229,1.56
47.245.113.12,2086,2086,false,SIN,Asia Pacific,Singapore,10,1.55
47.242.234.127,80,80,false,HKG,Asia Pacific,Hong Kong,133,1.55
47.74.34.162,8443,8443,true,NRT,Asia Pacific,Tokyo,109,1.55
47.74.13.200,80,80,false,NRT,Asia Pacific,Tokyo,73,1.55
8.222.224.163,2052,2052,false,SIN,Asia Pacific,Singapore,6,1.55
8.209.214.157,2096,2096,true,NRT,Asia Pacific,Tokyo,88,1.55
8.222.193.208,2086,2086,false,SIN,Asia Pacific,Singapore,52,1.54
8.210.192.93,443,443,true,HKG,Asia Pacific,Hong Kong,101,1.54
47.236.75.113,2052,2052,false,SIN,Asia Pacific,Singapore,22,1.54
8.219.220.122,8880,8880,false,SIN,Asia Pacific,Singapore,21,1.54
47.74.43.24,80,80,false,NRT,Asia Pacific,Tokyo,96,1.54
47.74.43.24,2082,2082,false,NRT,Asia Pacific,Tokyo,77,1.54
8.219.201.174,8880,8880,false,SIN,Asia Pacific,Singapore,13,1.54
8.222.129.245,2083,2083,true,SIN,Asia Pacific,Singapore,92,1.53
47.245.55.94,2083,2083,true,NRT,Asia Pacific,Tokyo,229,1.53
47.245.41.69,8080,8080,false,NRT,Asia Pacific,Tokyo,87,1.52
47.243.70.197,2083,2083,true,HKG,Asia Pacific,Hong Kong,60,1.52
47.74.34.73,80,80,false,NRT,Asia Pacific,Tokyo,81,1.52
47.243.162.49,2052,2052,false,HKG,Asia Pacific,Hong Kong,46,1.51
47.74.41.88,2083,2083,true,HKG,Asia Pacific,Hong Kong,255,1.50
8.210.151.69,2086,2086,false,HKG,Asia Pacific,Hong Kong,41,1.49
47.245.40.55,8080,8080,false,HKG,Asia Pacific,Hong Kong,157,1.49
47.245.8.156,2053,2053,true,NRT,Asia Pacific,Tokyo,165,1.49
47.245.40.161,8080,8080,false,NRT,Asia Pacific,Tokyo,76,1.49
47.245.40.55,2095,2095,false,HKG,Asia Pacific,Hong Kong,167,1.48
8.209.214.157,2086,2086,false,NRT,Asia Pacific,Tokyo,92,1.48
47.245.113.12,80,80,false,SIN,Asia Pacific,Singapore,26,1.48
8.219.167.113,2082,2082,false,SIN,Asia Pacific,Singapore,26,1.48
47.91.29.174,8880,8880,false,NRT,Asia Pacific,Tokyo,101,1.47
47.74.42.17,2087,2087,true,NRT,Asia Pacific,Tokyo,132,1.46
47.242.59.216,443,443,true,HKG,Asia Pacific,Hong Kong,37,1.45
47.242.171.94,8443,8443,true,HKG,Asia Pacific,Hong Kong,88,1.44
8.219.13.143,2082,2082,false,SIN,Asia Pacific,Singapore,10,1.44
47.74.12.139,2053,2053,true,NRT,Asia Pacific,Tokyo,198,1.44
8.222.221.109,8880,8880,false,SIN,Asia Pacific,Singapore,14,1.43
47.245.52.240,2087,2087,true,NRT,Asia Pacific,Tokyo,186,1.42
47.245.40.55,2052,2052,false,HKG,Asia Pacific,Hong Kong,164,1.42
47.245.59.243,8080,8080,false,NRT,Asia Pacific,Tokyo,131,1.42
47.245.59.243,2095,2095,false,NRT,Asia Pacific,Tokyo,84,1.41
47.245.10.123,2087,2087,true,NRT,Asia Pacific,Tokyo,200,1.39
8.210.107.246,8880,8880,false,HKG,Asia Pacific,Hong Kong,83,1.39
8.209.214.157,8880,8880,false,NRT,Asia Pacific,Tokyo,96,1.39
47.74.35.127,2095,2095,false,NRT,Asia Pacific,Tokyo,85,1.39
47.74.40.13,80,80,false,NRT,Asia Pacific,Tokyo,86,1.38
8.222.138.164,2082,2082,false,SIN,Asia Pacific,Singapore,9,1.37
47.245.52.153,2087,2087,true,NRT,Asia Pacific,Tokyo,191,1.36
8.210.3.24,8880,8880,false,HKG,Asia Pacific,Hong Kong,37,1.35
47.245.62.84,2053,2053,true,NRT,Asia Pacific,Tokyo,192,1.35
47.74.45.143,2086,2086,false,NRT,Asia Pacific,Tokyo,83,1.33
8.222.212.172,8080,8080,false,SIN,Asia Pacific,Singapore,16,1.33
47.245.42.210,2095,2095,false,NRT,Asia Pacific,Tokyo,97,1.33
8.222.153.11,2095,2095,false,SIN,Asia Pacific,Singapore,9,1.31
8.212.41.98,8080,8080,false,SJC,North America,San Jose,33,1.31
8.209.212.5,8080,8080,false,NRT,Asia Pacific,Tokyo,74,1.30
47.236.150.109,80,80,false,SIN,Asia Pacific,Singapore,18,1.29
8.209.214.222,8880,8880,false,NRT,Asia Pacific,Tokyo,81,1.28
47.245.126.151,2083,2083,true,SIN,Asia Pacific,Singapore,51,1.28
47.245.37.98,2095,2095,false,NRT,Asia Pacific,Tokyo,78,1.28
8.222.152.165,80,80,false,SIN,Asia Pacific,Singapore,11,1.26
8.218.211.17,2096,2096,true,HKG,Asia Pacific,Hong Kong,138,1.26
47.245.11.108,2087,2087,true,NRT,Asia Pacific,Tokyo,195,1.26
47.245.54.140,8443,8443,true,NRT,Asia Pacific,Tokyo,169,1.26
8.210.39.96,2053,2053,true,HKG,Asia Pacific,Hong Kong,105,1.25
8.210.117.18,2096,2096,true,HKG,Asia Pacific,Hong Kong,148,1.24
47.74.42.17,2095,2095,false,NRT,Asia Pacific,Tokyo,79,1.24
47.245.33.158,8080,8080,false,NRT,Asia Pacific,Tokyo,91,1.23
47.74.35.127,2086,2086,false,NRT,Asia Pacific,Tokyo,76,1.22
47.74.39.96,2086,2086,false,NRT,Asia Pacific,Tokyo,91,1.22
47.236.94.195,80,8080,false,OTP,Europe,Bucharest,226,1.22
8.219.75.44,2053,2053,true,SIN,Asia Pacific,Singapore,101,1.22
47.74.36.154,2096,2096,true,NRT,Asia Pacific,Tokyo,97,1.21
8.219.82.177,2086,2086,false,SIN,Asia Pacific,Singapore,5,1.21
47.74.39.96,2095,2095,false,NRT,Asia Pacific,Tokyo,74,1.19
47.245.37.37,2052,2052,false,NRT,Asia Pacific,Tokyo,85,1.19
47.242.155.183,8443,8443,true,HKG,Asia Pacific,Hong Kong,109,1.17
47.76.49.246,8443,8443,true,HKG,Asia Pacific,Hong Kong,59,1.16
8.209.214.222,2052,2052,false,NRT,Asia Pacific,Tokyo,91,1.15
8.219.58.64,8080,8080,false,SIN,Asia Pacific,Singapore,17,1.14
8.218.211.17,2086,2086,false,HKG,Asia Pacific,Hong Kong,57,1.14
47.242.59.216,80,80,false,HKG,Asia Pacific,Hong Kong,43,1.14
8.219.58.64,2053,2053,true,SIN,Asia Pacific,Singapore,56,1.13
47.74.14.85,2053,2053,true,NRT,Asia Pacific,Tokyo,133,1.13
47.242.234.127,2052,2052,false,HKG,Asia Pacific,Hong Kong,89,1.13
47.74.22.243,2087,2087,true,NRT,Asia Pacific,Tokyo,220,1.12
47.245.113.117,80,80,false,SIN,Asia Pacific,Singapore,12,1.11
47.245.56.50,2087,2087,true,NRT,Asia Pacific,Tokyo,161,1.11
47.242.176.237,2053,2053,true,HKG,Asia Pacific,Hong Kong,54,1.10
8.210.39.96,2083,2083,true,HKG,Asia Pacific,Hong Kong,85,1.10
47.243.42.219,2087,2087,true,HKG,Asia Pacific,Hong Kong,73,1.10
47.245.56.29,2096,2096,true,NRT,Asia Pacific,Tokyo,125,1.10
8.210.101.157,8443,8443,true,HKG,Asia Pacific,Hong Kong,54,1.10
47.245.57.109,2087,2087,true,NRT,Asia Pacific,Tokyo,183,1.10
8.222.168.24,80,80,false,SIN,Asia Pacific,Singapore,11,1.09
47.74.22.243,2053,2053,true,NRT,Asia Pacific,Tokyo,293,1.08
47.74.11.9,2082,2082,false,NRT,Asia Pacific,Tokyo,84,1.08
8.219.208.69,2083,2083,true,SIN,Asia Pacific,Singapore,75,1.08
47.242.174.27,8880,8880,false,HKG,Asia Pacific,Hong Kong,45,1.08
47.91.19.249,2052,2052,false,NRT,Asia Pacific,Tokyo,76,1.08
47.74.15.120,2053,2053,true,NRT,Asia Pacific,Tokyo,147,1.07
8.219.240.160,8080,8080,false,SIN,Asia Pacific,Singapore,7,1.07
8.209.240.227,8443,8443,true,NRT,Asia Pacific,Tokyo,154,1.06
47.243.42.219,2096,2096,true,HKG,Asia Pacific,Hong Kong,105,1.06
47.243.42.219,2083,2083,true,HKG,Asia Pacific,Hong Kong,55,1.05
47.74.43.95,2086,2086,false,NRT,Asia Pacific,Tokyo,70,1.05
8.219.6.157,8080,8080,false,SIN,Asia Pacific,Singapore,6,1.05
8.219.77.141,80,80,false,SJC,North America,San Jose,17,1.03
47.245.11.108,2083,2083,true,NRT,Asia Pacific,Tokyo,128,1.03
47.245.56.50,8443,8443,true,NRT,Asia Pacific,Tokyo,120,1.03
47.245.55.99,2087,2087,true,NRT,Asia Pacific,Tokyo,167,1.02
47.74.46.84,2083,2083,true,NRT,Asia Pacific,Tokyo,107,1.02
47.74.13.239,2086,2086,false,NRT,Asia Pacific,Tokyo,91,1.01
8.209.240.227,2082,2082,false,NRT,Asia Pacific,Tokyo,75,1.01
47.245.118.197,80,80,false,SIN,Asia Pacific,Singapore,7,1.00
47.245.40.55,2052,2052,false,HKG,Asia Pacific,Hong Kong,185,0.99
47.74.6.16,8880,8880,false,NRT,Asia Pacific,Tokyo,84,0.97
8.210.117.18,8080,8080,false,HKG,Asia Pacific,Hong Kong,137,0.97
8.209.248.161,8080,8080,false,NRT,Asia Pacific,Tokyo,81,0.97
8.210.117.18,8443,8443,true,HKG,Asia Pacific,Hong Kong,70,0.96
47.74.34.51,2053,2053,true,NRT,Asia Pacific,Tokyo,101,0.96
8.212.41.98,80,80,false,SIN,Asia Pacific,Singapore,38,0.96
8.222.138.164,2095,2095,false,SIN,Asia Pacific,Singapore,19,0.95
47.74.15.80,2052,2052,false,NRT,Asia Pacific,Tokyo,79,0.94
8.210.39.96,2096,2096,true,HKG,Asia Pacific,Hong Kong,45,0.94
8.210.146.108,2083,2083,true,HKG,Asia Pacific,Hong Kong,82,0.93
47.74.34.162,80,80,false,NRT,Asia Pacific,Tokyo,82,0.93
47.245.4.22,8080,8080,false,HKG,Asia Pacific,Hong Kong,169,0.93
47.245.62.84,8443,8443,true,NRT,Asia Pacific,Tokyo,192,0.90
47.74.41.136,8880,8880,false,NRT,Asia Pacific,Tokyo,77,0.90
47.74.11.219,8880,8880,false,NRT,Asia Pacific,Tokyo,94,0.89
47.245.55.94,2096,2096,true,NRT,Asia Pacific,Tokyo,138,0.89
47.74.42.17,80,80,false,NRT,Asia Pacific,Tokyo,70,0.89
8.219.222.8,80,80,false,SIN,Asia Pacific,Singapore,6,0.89
47.242.174.27,2053,2053,true,HKG,Asia Pacific,Hong Kong,152,0.88
8.217.164.10,2087,2087,true,HKG,Asia Pacific,Hong Kong,60,0.87
47.74.39.96,8880,8880,false,NRT,Asia Pacific,Tokyo,70,0.87
47.91.23.108,2096,0,true,NRT,Asia Pacific,Tokyo,78,0.87
47.74.37.50,2096,2096,true,NRT,Asia Pacific,Tokyo,122,0.87
47.74.0.183,8080,8080,false,NRT,Asia Pacific,Tokyo,83,0.86
8.219.228.30,2082,2082,false,SIN,Asia Pacific,Singapore,25,0.86
47.74.46.84,8880,8880,false,NRT,Asia Pacific,Tokyo,78,0.86
47.242.155.183,2096,2096,true,HKG,Asia Pacific,Hong Kong,70,0.85
8.219.122.96,443,443,true,SIN,Asia Pacific,Singapore,103,0.84
47.74.42.17,2052,2052,false,NRT,Asia Pacific,Tokyo,70,0.83
47.74.34.162,2095,2095,false,NRT,Asia Pacific,Tokyo,102,0.83
8.209.246.24,2086,2086,false,NRT,Asia Pacific,Tokyo,83,0.83
8.217.164.10,8443,8443,true,HKG,Asia Pacific,Hong Kong,110,0.82
8.219.13.143,2095,2095,false,SIN,Asia Pacific,Singapore,20,0.82
47.74.27.211,2053,2053,true,NRT,Asia Pacific,Tokyo,85,0.81
47.74.52.104,80,80,false,NRT,Asia Pacific,Tokyo,72,0.81
8.219.77.141,80,80,false,SJC,North America,San Jose,7,0.79
47.242.154.207,443,0,false,HKG,Asia Pacific,Hong Kong,47,0.79
47.245.11.62,2083,2083,true,NRT,Asia Pacific,Tokyo,212,0.79
8.218.18.235,2087,2087,true,HKG,Asia Pacific,Hong Kong,47,0.78
47.74.9.174,8443,8443,true,NRT,Asia Pacific,Tokyo,87,0.78
47.245.108.5,80,0,false,SIN,Asia Pacific,Singapore,13,0.78
161.117.250.139,80,0,false,SIN,Asia Pacific,Singapore,143,0.77
47.245.54.197,2087,2087,true,NRT,Asia Pacific,Tokyo,199,0.77
47.245.52.165,2096,2096,true,NRT,Asia Pacific,Tokyo,199,0.77
47.74.34.51,8080,8080,false,NRT,Asia Pacific,Tokyo,82,0.77
8.210.55.134,2052,2052,false,HKG,Asia Pacific,Hong Kong,132,0.77
8.210.39.96,2082,2082,false,HKG,Asia Pacific,Hong Kong,79,0.77
47.74.11.251,2052,2052,false,NRT,Asia Pacific,Tokyo,78,0.76
47.74.4.179,2095,2095,false,NRT,Asia Pacific,Tokyo,85,0.76
8.210.39.96,80,80,false,HKG,Asia Pacific,Hong Kong,35,0.73
8.219.6.157,2082,2082,false,SIN,Asia Pacific,Singapore,7,0.73
47.245.108.5,80,0,false,SIN,Asia Pacific,Singapore,31,0.73
47.245.4.22,2096,2096,true,HKG,Asia Pacific,Hong Kong,269,0.73
161.117.250.139,80,0,false,SIN,Asia Pacific,Singapore,8,0.72
47.245.39.28,2052,2052,false,NRT,Asia Pacific,Tokyo,86,0.72
47.245.54.98,8443,8443,true,NRT,Asia Pacific,Tokyo,154,0.72
8.210.117.18,2083,2083,true,HKG,Asia Pacific,Hong Kong,91,0.72
47.245.57.109,8443,8443,true,NRT,Asia Pacific,Tokyo,206,0.71
47.245.39.49,8443,8443,true,HKG,Asia Pacific,Hong Kong,292,0.70
8.222.225.193,443,443,true,SIN,Asia Pacific,Singapore,127,0.70
47.245.32.215,2082,2082,false,NRT,Asia Pacific,Tokyo,110,0.69
47.91.29.108,80,80,false,NRT,Asia Pacific,Tokyo,73,0.69
47.245.57.38,2053,2053,true,HKG,Asia Pacific,Hong Kong,162,0.68
47.89.244.253,443,443,true,SJC,North America,San Jose,177,0.67
47.236.148.174,2095,2095,false,SIN,Asia Pacific,Singapore,28,0.67
8.210.39.96,8080,8080,false,HKG,Asia Pacific,Hong Kong,65,0.67
8.210.39.96,2095,2095,false,HKG,Asia Pacific,Hong Kong,84,0.66
47.242.171.94,2083,2083,true,HKG,Asia Pacific,Hong Kong,59,0.65
8.222.212.219,2095,2095,false,SIN,Asia Pacific,Singapore,46,0.63
47.74.18.121,8880,8880,false,NRT,Asia Pacific,Tokyo,96,0.63
47.74.16.67,2083,2083,true,NRT,Asia Pacific,Tokyo,117,0.62
47.76.32.108,2053,2053,true,HKG,Asia Pacific,Hong Kong,136,0.61
47.74.26.131,2052,2052,false,NRT,Asia Pacific,Tokyo,76,0.60
8.210.156.6,2053,2053,true,HKG,Asia Pacific,Hong Kong,51,0.60
8.217.193.25,8443,8443,true,HKG,Asia Pacific,Hong Kong,108,0.59
47.74.43.24,2083,2083,true,NRT,Asia Pacific,Tokyo,99,0.59
47.74.41.136,8080,8080,false,NRT,Asia Pacific,Tokyo,95,0.59
47.74.41.88,2083,2083,true,HKG,Asia Pacific,Hong Kong,178,0.59
8.219.42.72,8080,8080,false,SIN,Asia Pacific,Singapore,6,0.59
8.210.39.96,2086,2086,false,HKG,Asia Pacific,Hong Kong,40,0.58
47.91.28.27,2086,2086,false,NRT,Asia Pacific,Tokyo,74,0.58
8.211.55.176,443,443,true,FRA,Europe,Frankfurt,176,0.57
47.74.26.196,2053,2053,true,HKG,Asia Pacific,Hong Kong,246,0.57
8.222.225.193,443,443,true,SIN,Asia Pacific,Singapore,59,0.57
8.222.137.192,443,443,true,SIN,Asia Pacific,Singapore,65,0.56
47.242.171.94,2082,2082,false,HKG,Asia Pacific,Hong Kong,47,0.56
198.11.175.125,80,80,false,SJC,North America,San Jose,172,0.55
8.209.214.222,2086,2086,false,NRT,Asia Pacific,Tokyo,99,0.54
47.91.31.235,80,80,false,NRT,Asia Pacific,Tokyo,74,0.54
8.211.55.176,443,443,true,FRA,Europe,Frankfurt,215,0.54
8.213.193.170,80,8443,false,SIN,Asia Pacific,Singapore,38,0.54
8.210.107.246,2083,2083,true,HKG,Asia Pacific,Hong Kong,67,0.53
8.210.21.65,2053,2053,true,HKG,Asia Pacific,Hong Kong,42,0.53
47.74.26.196,8443,8443,true,HKG,Asia Pacific,Hong Kong,251,0.52
8.209.222.232,2087,2087,true,HKG,Asia Pacific,Hong Kong,247,0.51
47.74.9.174,2053,2053,true,NRT,Asia Pacific,Tokyo,133,0.50
47.236.116.182,2086,2086,false,SIN,Asia Pacific,Singapore,45,0.49
47.245.41.84,2086,2086,false,NRT,Asia Pacific,Tokyo,95,0.49
8.210.117.18,443,443,true,HKG,Asia Pacific,Hong Kong,43,0.49
8.209.240.227,2053,2053,true,NRT,Asia Pacific,Tokyo,152,0.48
8.218.22.210,2053,2053,true,HKG,Asia Pacific,Hong Kong,102,0.48
8.209.240.227,2095,2095,false,NRT,Asia Pacific,Tokyo,83,0.48
47.245.37.37,80,80,false,NRT,Asia Pacific,Tokyo,86,0.48
47.245.40.161,8880,8880,false,NRT,Asia Pacific,Tokyo,84,0.46
8.210.39.96,443,443,true,HKG,Asia Pacific,Hong Kong,70,0.46
47.245.34.36,2082,2082,false,NRT,Asia Pacific,Tokyo,86,0.45
8.209.200.73,80,80,false,NRT,Asia Pacific,Tokyo,101,0.45
47.242.155.183,2083,2083,true,HKG,Asia Pacific,Hong Kong,97,0.45
149.129.8.215,80,80,false,SJC,North America,San Jose,97,0.43
149.129.8.215,443,443,true,SJC,North America,San Jose,127,0.43
47.74.41.88,2053,2053,true,HKG,Asia Pacific,Hong Kong,217,0.41
47.74.41.136,2086,2086,false,NRT,Asia Pacific,Tokyo,83,0.41
47.76.49.246,2082,2082,false,HKG,Asia Pacific,Hong Kong,86,0.38
8.209.200.73,2052,2052,false,NRT,Asia Pacific,Tokyo,75,0.38
8.209.240.227,2087,2087,true,NRT,Asia Pacific,Tokyo,153,0.37
8.218.28.149,80,0,false,HKG,Asia Pacific,Hong Kong,91,0.37
47.91.31.235,2086,2086,false,NRT,Asia Pacific,Tokyo,82,0.36
47.57.233.126,80,80,false,SJC,North America,San Jose,81,0.36
47.57.245.232,80,80,false,SJC,North America,San Jose,82,0.36
47.57.233.126,80,80,false,SJC,North America,San Jose,39,0.36
8.219.210.214,2082,0,false,SIN,Asia Pacific,Singapore,3,0.35
47.57.233.126,443,443,true,SJC,North America,San Jose,92,0.35
8.210.156.6,8443,8443,true,HKG,Asia Pacific,Hong Kong,110,0.35
47.57.233.126,443,443,true,SJC,North America,San Jose,39,0.34
8.219.129.38,80,80,false,SIN,Asia Pacific,Singapore,25,0.34
47.242.234.127,8443,8443,true,HKG,Asia Pacific,Hong Kong,90,0.34
149.129.8.215,80,80,false,SJC,North America,San Jose,101,0.33
8.210.151.69,2083,2083,true,HKG,Asia Pacific,Hong Kong,104,0.32
8.219.56.244,2082,0,false,SIN,Asia Pacific,Singapore,2,0.32
47.57.14.1,80,80,false,HKG,Asia Pacific,Hong Kong,105,0.32
8.222.156.206,443,443,true,SIN,Asia Pacific,Singapore,100,0.32
8.222.212.255,2086,0,false,SIN,Asia Pacific,Singapore,18,0.31
8.222.145.43,2095,0,false,SIN,Asia Pacific,Singapore,27,0.30
47.57.14.1,80,80,false,HKG,Asia Pacific,Hong Kong,79,0.30
8.219.208.104,2082,0,false,SIN,Asia Pacific,Singapore,19,0.30
8.219.208.104,2095,0,false,SIN,Asia Pacific,Singapore,12,0.30
8.222.156.206,443,443,true,SIN,Asia Pacific,Singapore,139,0.29
8.219.123.11,2082,0,false,SIN,Asia Pacific,Singapore,25,0.29
8.209.240.227,80,80,false,NRT,Asia Pacific,Tokyo,85,0.29
8.219.56.244,8080,0,false,SIN,Asia Pacific,Singapore,5,0.29
8.219.193.97,8880,0,false,SIN,Asia Pacific,Singapore,23,0.29
8.210.107.246,2053,2053,true,HKG,Asia Pacific,Hong Kong,52,0.28
8.219.56.244,2095,0,false,SIN,Asia Pacific,Singapore,2,0.28
47.76.49.246,2095,2095,false,HKG,Asia Pacific,Hong Kong,133,0.28
8.219.56.244,2086,0,false,SIN,Asia Pacific,Singapore,15,0.27
8.219.193.97,2052,0,false,SIN,Asia Pacific,Singapore,27,0.27
47.236.28.170,2082,0,false,SIN,Asia Pacific,Singapore,23,0.27
8.219.123.11,2086,0,false,SIN,Asia Pacific,Singapore,169,0.27
8.222.145.43,8880,0,false,SIN,Asia Pacific,Singapore,21,0.27
8.219.200.178,2086,0,false,SIN,Asia Pacific,Singapore,36,0.27
47.76.49.246,2052,2052,false,HKG,Asia Pacific,Hong Kong,44,0.27
8.219.153.253,8880,0,false,SIN,Asia Pacific,Singapore,21,0.27
8.222.145.43,2086,0,false,SIN,Asia Pacific,Singapore,37,0.27
47.57.245.232,443,443,true,SJC,North America,San Jose,39,0.27
8.222.212.255,2082,0,false,SIN,Asia Pacific,Singapore,30,0.27
47.74.40.13,8880,8880,false,NRT,Asia Pacific,Tokyo,70,0.27
47.236.99.59,2052,0,false,SIN,Asia Pacific,Singapore,28,0.27
8.212.61.149,80,80,false,HKG,Asia Pacific,Hong Kong,87,0.27
8.219.193.97,2082,0,false,SIN,Asia Pacific,Singapore,35,0.27
8.222.156.205,2082,0,false,SIN,Asia Pacific,Singapore,20,0.27
8.222.199.55,2082,0,false,SIN,Asia Pacific,Singapore,16,0.26
8.219.239.79,2086,0,false,SIN,Asia Pacific,Singapore,8,0.26
8.219.56.244,2052,0,false,SIN,Asia Pacific,Singapore,3,0.26
8.219.193.97,8080,0,false,SIN,Asia Pacific,Singapore,24,0.26
8.222.156.205,2052,0,false,SIN,Asia Pacific,Singapore,19,0.26
8.219.208.104,8880,0,false,SIN,Asia Pacific,Singapore,29,0.26
8.210.146.108,8443,8443,true,HKG,Asia Pacific,Hong Kong,96,0.26
8.222.145.43,2082,0,false,SIN,Asia Pacific,Singapore,12,0.25
8.222.217.39,8080,8080,false,SJC,North America,San Jose,7,0.25
8.222.217.39,8080,8080,false,SJC,North America,San Jose,27,0.24
8.212.19.60,80,80,false,SJC,North America,San Jose,122,0.24
8.219.153.253,2095,0,false,SIN,Asia Pacific,Singapore,26,0.24
8.222.156.205,2095,0,false,SIN,Asia Pacific,Singapore,30,0.24
8.222.145.43,8080,0,false,SIN,Asia Pacific,Singapore,29,0.24
47.74.32.25,2083,2083,true,NRT,Asia Pacific,Tokyo,100,0.23
8.219.102.123,8880,0,false,SIN,Asia Pacific,Singapore,5,0.23
47.242.234.127,2087,2087,true,HKG,Asia Pacific,Hong Kong,41,0.23
8.212.19.60,443,443,true,SJC,North America,San Jose,48,0.23
8.210.156.6,2087,2087,true,HKG,Asia Pacific,Hong Kong,35,0.22
8.219.102.123,2095,0,false,SIN,Asia Pacific,Singapore,20,0.22
8.219.153.253,8080,0,false,SIN,Asia Pacific,Singapore,10,0.22
8.219.239.79,8080,0,false,SIN,Asia Pacific,Singapore,23,0.22
8.222.212.255,2082,0,false,SIN,Asia Pacific,Singapore,7,0.22
8.222.145.43,2082,0,false,SIN,Asia Pacific,Singapore,8,0.21
8.219.110.248,2052,0,false,SIN,Asia Pacific,Singapore,18,0.21
8.222.199.55,8080,0,false,SIN,Asia Pacific,Singapore,10,0.21
8.219.200.178,8080,0,false,SIN,Asia Pacific,Singapore,14,0.21
8.219.123.11,8080,0,false,SIN,Asia Pacific,Singapore,10,0.21
47.236.99.59,2082,0,false,SIN,Asia Pacific,Singapore,38,0.21
8.219.153.253,2086,0,false,SIN,Asia Pacific,Singapore,6,0.21
8.210.107.246,2096,2096,true,HKG,Asia Pacific,Hong Kong,130,0.20
47.76.49.246,2053,2053,true,HKG,Asia Pacific,Hong Kong,43,0.20
8.222.156.205,8080,0,false,SIN,Asia Pacific,Singapore,36,0.20
47.236.226.16,443,0,false,SIN,Asia Pacific,Singapore,18,0.20
47.57.14.118,80,80,false,SJC,North America,San Jose,82,0.19
8.219.210.214,8880,0,false,SIN,Asia Pacific,Singapore,7,0.19
8.219.208.104,8080,0,false,SIN,Asia Pacific,Singapore,18,0.19
8.219.200.178,8880,0,false,SIN,Asia Pacific,Singapore,7,0.19
8.222.212.255,8080,0,false,SIN,Asia Pacific,Singapore,7,0.19
8.219.199.70,2086,0,false,SIN,Asia Pacific,Singapore,19,0.19
8.219.102.123,8080,0,false,SIN,Asia Pacific,Singapore,10,0.19
47.242.171.94,2087,2087,true,HKG,Asia Pacific,Hong Kong,149,0.19
8.219.193.97,2086,0,false,SIN,Asia Pacific,Singapore,10,0.19
8.219.123.11,2095,0,false,SIN,Asia Pacific,Singapore,5,0.19
8.219.199.70,2082,0,false,SIN,Asia Pacific,Singapore,46,0.19
47.57.14.118,443,443,true,SJC,North America,San Jose,48,0.19
47.242.171.94,2096,2096,true,HKG,Asia Pacific,Hong Kong,49,0.19
47.57.14.118,443,443,true,SJC,North America,San Jose,54,0.19
47.245.108.213,2053,2053,true,SIN,Asia Pacific,Singapore,71,0.18
47.236.28.170,2086,0,false,SIN,Asia Pacific,Singapore,12,0.18
8.210.117.18,443,443,true,HKG,Asia Pacific,Hong Kong,91,0.18
8.210.119.11,2087,2087,true,HKG,Asia Pacific,Hong Kong,55,0.17
8.222.199.55,8880,0,false,SIN,Asia Pacific,Singapore,8,0.17
47.236.99.59,2086,0,false,SIN,Asia Pacific,Singapore,20,0.17
8.219.102.123,2082,0,false,SIN,Asia Pacific,Singapore,10,0.17
8.219.210.214,2095,0,false,SIN,Asia Pacific,Singapore,8,0.17
47.76.32.108,2052,2052,false,HKG,Asia Pacific,Hong Kong,53,0.17
8.222.199.55,2095,0,false,SIN,Asia Pacific,Singapore,7,0.17
8.219.123.11,2052,0,false,SIN,Asia Pacific,Singapore,4,0.16
8.219.200.178,2052,0,false,SIN,Asia Pacific,Singapore,67,0.16
8.219.110.248,2086,0,false,SIN,Asia Pacific,Singapore,17,0.16
8.219.110.248,8880,0,false,SIN,Asia Pacific,Singapore,8,0.16
8.210.156.6,2083,2083,true,HKG,Asia Pacific,Hong Kong,54,0.16
8.222.199.55,2082,0,false,SIN,Asia Pacific,Singapore,17,0.16
8.219.123.11,8880,0,false,SIN,Asia Pacific,Singapore,5,0.16
47.236.99.59,8880,0,false,SIN,Asia Pacific,Singapore,14,0.16
8.219.210.214,2086,0,false,SIN,Asia Pacific,Singapore,6,0.15
8.222.156.205,2052,0,false,SIN,Asia Pacific,Singapore,23,0.15
8.219.200.178,2095,0,false,SIN,Asia Pacific,Singapore,12,0.15
47.57.14.118,80,80,false,SJC,North America,San Jose,124,0.15
8.222.156.205,2086,0,false,SIN,Asia Pacific,Singapore,9,0.15
8.219.110.248,2095,0,false,SIN,Asia Pacific,Singapore,8,0.15
8.219.13.92,80,0,false,SIN,Asia Pacific,Singapore,7,0.15
8.219.208.104,2095,0,false,SIN,Asia Pacific,Singapore,13,0.15
8.219.199.70,8080,0,false,SIN,Asia Pacific,Singapore,13,0.15
8.219.199.70,8880,0,false,SIN,Asia Pacific,Singapore,7,0.15
47.243.52.190,80,0,false,HKG,Asia Pacific,Hong Kong,40,0.14
8.219.199.70,2052,0,false,SIN,Asia Pacific,Singapore,23,0.14
8.219.193.97,2082,0,false,SIN,Asia Pacific,Singapore,12,0.14
47.242.176.237,2096,2096,true,HKG,Asia Pacific,Hong Kong,60,0.14
8.219.199.70,2086,0,false,SIN,Asia Pacific,Singapore,7,0.14
47.236.226.16,80,0,false,SIN,Asia Pacific,Singapore,24,0.14
8.219.102.123,2095,0,false,SIN,Asia Pacific,Singapore,8,0.14
8.219.210.214,8080,0,false,SIN,Asia Pacific,Singapore,18,0.14
8.219.110.248,2052,0,false,SIN,Asia Pacific,Singapore,6,0.14
47.243.62.196,8443,443,true,HKG,Asia Pacific,Hong Kong,85,0.14
8.219.210.214,2086,0,false,SIN,Asia Pacific,Singapore,10,0.13
47.254.65.110,443,443,true,SJC,North America,San Jose,169,0.13
8.222.199.55,2086,0,false,SIN,Asia Pacific,Singapore,12,0.13
8.219.208.104,2052,0,false,SIN,Asia Pacific,Singapore,24,0.13
8.219.208.104,2082,0,false,SIN,Asia Pacific,Singapore,22,0.13
8.219.210.214,2095,0,false,SIN,Asia Pacific,Singapore,9,0.13
8.219.102.123,2086,0,false,SIN,Asia Pacific,Singapore,14,0.13
8.219.199.70,8880,0,false,SIN,Asia Pacific,Singapore,11,0.13
8.219.200.178,2052,0,false,SIN,Asia Pacific,Singapore,7,0.12
8.210.146.108,2053,2053,true,HKG,Asia Pacific,Hong Kong,79,0.12
47.236.120.9,2095,0,false,SIN,Asia Pacific,Singapore,74,0.12
8.219.102.123,2052,0,false,SIN,Asia Pacific,Singapore,4,0.12
47.236.28.170,2052,0,false,SIN,Asia Pacific,Singapore,21,0.12
8.219.102.123,8080,0,false,SIN,Asia Pacific,Singapore,37,0.12
47.236.28.170,8080,0,false,SIN,Asia Pacific,Singapore,14,0.12
8.222.156.205,2082,0,false,SIN,Asia Pacific,Singapore,23,0.12
8.219.208.104,2086,0,false,SIN,Asia Pacific,Singapore,4,0.12
8.219.110.248,2095,0,false,SIN,Asia Pacific,Singapore,16,0.12
8.219.56.244,2082,0,false,SIN,Asia Pacific,Singapore,3,0.12
8.219.102.123,2052,0,false,SIN,Asia Pacific,Singapore,20,0.11
8.219.200.178,2082,0,false,SIN,Asia Pacific,Singapore,20,0.11
198.11.169.77,8080,0,false,SJC,North America,San Jose,172,0.11
8.219.239.79,8880,0,false,SIN,Asia Pacific,Singapore,6,0.11
8.219.210.214,8080,0,false,SIN,Asia Pacific,Singapore,14,0.11
8.219.193.97,2086,0,false,SIN,Asia Pacific,Singapore,13,0.11
8.219.239.79,2095,0,false,SIN,Asia Pacific,Singapore,11,0.11
8.222.156.205,8880,0,false,SIN,Asia Pacific,Singapore,14,0.11
8.219.102.123,2082,0,false,SIN,Asia Pacific,Singapore,8,0.11
8.219.239.79,2096,0,true,SIN,Asia Pacific,Singapore,162,0.11
8.219.102.123,2086,0,false,SIN,Asia Pacific,Singapore,10,0.10
8.219.123.11,8080,0,false,SIN,Asia Pacific,Singapore,6,0.10
8.219.239.79,8443,0,true,SIN,Asia Pacific,Singapore,89,0.10
47.76.49.246,2086,2086,false,HKG,Asia Pacific,Hong Kong,34,0.10
8.219.208.104,2096,0,true,SIN,Asia Pacific,Singapore,76,0.10
47.76.49.246,8080,8080,false,HKG,Asia Pacific,Hong Kong,40,0.10
47.236.99.59,8443,0,true,SIN,Asia Pacific,Singapore,107,0.10
8.219.210.214,2082,0,false,SIN,Asia Pacific,Singapore,14,0.10
47.243.52.190,80,0,false,HKG,Asia Pacific,Hong Kong,44,0.10
8.212.18.214,8080,0,false,HKG,Asia Pacific,Hong Kong,36,0.10
8.219.199.70,2095,0,false,SIN,Asia Pacific,Singapore,5,0.10
8.212.61.149,443,443,true,HKG,Asia Pacific,Hong Kong,39,0.10
8.219.239.79,2087,0,true,SIN,Asia Pacific,Singapore,124,0.09
47.236.120.9,8080,0,false,SIN,Asia Pacific,Singapore,20,0.09
8.219.239.79,2083,0,true,SIN,Asia Pacific,Singapore,125,0.09
8.219.210.214,2053,0,true,SIN,Asia Pacific,Singapore,77,0.09
8.219.199.70,8080,0,false,SIN,Asia Pacific,Singapore,5,0.09
8.219.123.11,2086,0,false,SIN,Asia Pacific,Singapore,6,0.09
8.217.3.165,80,0,false,HKG,Asia Pacific,Hong Kong,102,0.09
8.219.110.248,2082,0,false,SIN,Asia Pacific,Singapore,10,0.09
8.219.199.70,2087,0,true,SIN,Asia Pacific,Singapore,31,0.09
8.219.193.97,8080,0,false,SIN,Asia Pacific,Singapore,19,0.09
8.212.12.98,80,80,false,HKG,Asia Pacific,Hong Kong,126,0.09
47.76.49.246,80,80,false,HKG,Asia Pacific,Hong Kong,41,0.09
8.222.145.43,2083,0,true,SIN,Asia Pacific,Singapore,130,0.08
8.219.153.253,2052,0,false,SIN,Asia Pacific,Singapore,6,0.08
47.236.28.170,8880,0,false,SIN,Asia Pacific,Singapore,42,0.08
8.219.239.79,2053,0,true,SIN,Asia Pacific,Singapore,96,0.08
8.219.102.123,2053,0,true,SIN,Asia Pacific,Singapore,63,0.08
8.219.56.244,2096,0,true,SIN,Asia Pacific,Singapore,57,0.08
47.245.126.151,8080,8080,false,SIN,Asia Pacific,Singapore,32,0.08
8.210.58.56,8443,0,false,HKG,Asia Pacific,Hong Kong,34,0.08
47.88.27.64,80,0,false,SJC,North America,San Jose,180,0.08
8.219.208.104,8880,0,false,SIN,Asia Pacific,Singapore,16,0.08
8.222.212.255,2053,0,true,SIN,Asia Pacific,Singapore,59,0.08
8.219.56.244,2053,0,true,SIN,Asia Pacific,Singapore,60,0.08
8.219.102.123,2087,0,true,SIN,Asia Pacific,Singapore,55,0.08
8.219.56.244,8443,0,true,SIN,Asia Pacific,Singapore,34,0.08
8.219.153.253,8443,0,true,SIN,Asia Pacific,Singapore,55,0.08
47.76.49.246,8880,8880,false,HKG,Asia Pacific,Hong Kong,129,0.08
8.219.153.253,8080,0,false,SIN,Asia Pacific,Singapore,8,0.08
8.219.239.79,2083,0,true,SIN,Asia Pacific,Singapore,141,0.07
8.219.123.11,2087,0,true,SIN,Asia Pacific,Singapore,51,0.07
8.217.3.165,80,0,false,HKG,Asia Pacific,Hong Kong,35,0.07
8.219.210.214,8443,0,true,SIN,Asia Pacific,Singapore,10,0.07
8.219.102.123,2087,0,true,SIN,Asia Pacific,Singapore,29,0.07
8.219.110.248,2083,0,true,SIN,Asia Pacific,Singapore,58,0.07
47.74.6.55,80,0,false,NRT,Asia Pacific,Tokyo,82,0.07
8.219.153.253,2096,0,true,SIN,Asia Pacific,Singapore,45,0.07
47.74.6.157,80,0,false,NRT,Asia Pacific,Tokyo,77,0.07
47.74.54.182,80,0,false,NRT,Asia Pacific,Tokyo,96,0.07
8.219.56.244,80,0,false,SIN,Asia Pacific,Singapore,2,0.07
47.74.54.182,80,0,false,NRT,Asia Pacific,Tokyo,90,0.07
8.219.56.244,2083,0,true,SIN,Asia Pacific,Singapore,71,0.07
8.222.212.255,2095,0,false,SIN,Asia Pacific,Singapore,27,0.07
47.236.99.59,80,0,false,SIN,Asia Pacific,Singapore,38,0.07
8.219.193.97,8880,0,false,SIN,Asia Pacific,Singapore,13,0.07
8.219.199.70,2083,0,true,SIN,Asia Pacific,Singapore,165,0.07
47.245.14.74,80,0,false,NRT,Asia Pacific,Tokyo,83,0.07
8.222.156.205,2096,0,true,SIN,Asia Pacific,Singapore,98,0.07
47.236.99.59,8080,0,false,SIN,Asia Pacific,Singapore,55,0.07
47.74.6.55,80,0,false,NRT,Asia Pacific,Tokyo,85,0.07
8.222.145.43,8443,0,true,SIN,Asia Pacific,Singapore,112,0.07
47.245.55.202,80,0,false,NRT,Asia Pacific,Tokyo,116,0.07
8.219.153.253,2082,0,false,SIN,Asia Pacific,Singapore,9,0.07
8.219.56.244,2096,0,true,SIN,Asia Pacific,Singapore,54,0.06
47.245.31.153,80,0,false,NRT,Asia Pacific,Tokyo,88,0.06
47.245.37.56,80,0,false,NRT,Asia Pacific,Tokyo,85,0.06
47.91.22.66,80,0,false,NRT,Asia Pacific,Tokyo,98,0.06
8.219.102.123,2096,0,true,SIN,Asia Pacific,Singapore,113,0.06
47.74.6.157,80,0,false,NRT,Asia Pacific,Tokyo,129,0.06
47.74.53.112,80,0,false,NRT,Asia Pacific,Tokyo,91,0.06
47.245.52.197,80,0,false,NRT,Asia Pacific,Tokyo,79,0.06
47.245.55.202,80,0,false,NRT,Asia Pacific,Tokyo,78,0.06
8.219.208.104,80,0,false,SIN,Asia Pacific,Singapore,11,0.06
47.74.43.143,80,0,false,NRT,Asia Pacific,Tokyo,77,0.06
8.219.193.97,2053,0,true,SIN,Asia Pacific,Singapore,78,0.06
47.74.5.110,80,0,false,NRT,Asia Pacific,Tokyo,77,0.06
47.243.179.249,443,0,true,HKG,Asia Pacific,Hong Kong,83,0.06
8.219.153.253,2053,0,true,SIN,Asia Pacific,Singapore,65,0.06
47.245.59.167,80,0,false,NRT,Asia Pacific,Tokyo,83,0.06
8.219.210.214,2052,0,false,SIN,Asia Pacific,Singapore,19,0.06
47.74.43.143,80,0,false,NRT,Asia Pacific,Tokyo,85,0.06
47.74.5.110,80,0,false,NRT,Asia Pacific,Tokyo,76,0.06
8.219.56.244,2087,0,true,SIN,Asia Pacific,Singapore,17,0.06
47.245.12.189,80,0,false,NRT,Asia Pacific,Tokyo,86,0.06
8.222.156.205,8443,0,true,SIN,Asia Pacific,Singapore,165,0.06
8.222.156.205,80,0,false,SIN,Asia Pacific,Singapore,35,0.06
47.245.39.116,80,0,false,NRT,Asia Pacific,Tokyo,83,0.06
8.222.145.43,80,0,false,SIN,Asia Pacific,Singapore,35,0.06
8.219.110.248,80,0,false,SIN,Asia Pacific,Singapore,10,0.06
8.219.153.253,2096,0,true,SIN,Asia Pacific,Singapore,49,0.06
8.219.153.253,80,0,false,SIN,Asia Pacific,Singapore,18,0.06
8.219.208.104,2086,0,false,SIN,Asia Pacific,Singapore,8,0.06
8.219.153.253,80,0,false,SIN,Asia Pacific,Singapore,10,0.06
149.129.8.215,443,443,true,SJC,North America,San Jose,98,0.06
8.219.110.248,8080,0,false,SIN,Asia Pacific,Singapore,11,0.06
8.219.210.214,80,0,false,SIN,Asia Pacific,Singapore,13,0.06
8.222.156.205,2095,0,false,SIN,Asia Pacific,Singapore,4,0.06
8.219.123.11,80,0,false,SIN,Asia Pacific,Singapore,9,0.06
8.219.208.104,2087,0,true,SIN,Asia Pacific,Singapore,158,0.06
8.219.123.11,2053,0,true,SIN,Asia Pacific,Singapore,5,0.06
8.222.212.255,80,0,false,SIN,Asia Pacific,Singapore,13,0.06
47.245.39.116,80,0,false,NRT,Asia Pacific,Tokyo,86,0.06
8.222.199.55,80,0,false,SIN,Asia Pacific,Singapore,24,0.06
47.245.59.167,80,0,false,NRT,Asia Pacific,Tokyo,72,0.06
8.219.97.248,80,80,false,SIN,Asia Pacific,Singapore,12,0.06
8.219.200.178,80,0,false,SIN,Asia Pacific,Singapore,10,0.06
47.245.52.197,80,0,false,NRT,Asia Pacific,Tokyo,112,0.06
47.236.28.170,80,0,false,SIN,Asia Pacific,Singapore,26,0.06
8.219.199.70,80,0,false,SIN,Asia Pacific,Singapore,13,0.06
8.219.102.123,2096,0,true,SIN,Asia Pacific,Singapore,46,0.06
8.222.156.205,80,0,false,SIN,Asia Pacific,Singapore,327,0.06
47.74.53.112,80,0,false,NRT,Asia Pacific,Tokyo,85,0.06
8.219.193.97,2052,0,false,SIN,Asia Pacific,Singapore,19,0.06
8.219.210.214,80,0,false,SIN,Asia Pacific,Singapore,11,0.06
8.222.199.55,2087,0,true,SIN,Asia Pacific,Singapore,157,0.05
8.222.212.255,80,0,false,SIN,Asia Pacific,Singapore,19,0.05
8.222.199.55,2096,0,true,SIN,Asia Pacific,Singapore,12,0.05
47.245.37.56,80,0,false,NRT,Asia Pacific,Tokyo,110,0.05
8.219.239.79,80,0,false,SIN,Asia Pacific,Singapore,18,0.05
47.74.43.143,8080,0,false,NRT,Asia Pacific,Tokyo,69,0.05
8.219.199.70,2096,0,true,SIN,Asia Pacific,Singapore,115,0.05
47.236.120.9,80,0,false,SIN,Asia Pacific,Singapore,13,0.05
149.129.8.215,80,80,false,SJC,North America,San Jose,98,0.05
8.219.193.97,80,0,false,SIN,Asia Pacific,Singapore,14,0.05
8.219.110.248,80,0,false,SIN,Asia Pacific,Singapore,24,0.05
8.222.212.255,2083,0,true,SIN,Asia Pacific,Singapore,36,0.05
47.245.37.56,2082,0,false,NRT,Asia Pacific,Tokyo,84,0.05
47.245.59.167,2082,0,false,NRT,Asia Pacific,Tokyo,85,0.05
47.245.37.56,2052,0,false,NRT,Asia Pacific,Tokyo,96,0.05
47.91.22.66,2082,0,false,NRT,Asia Pacific,Tokyo,74,0.05
47.74.54.182,8880,0,false,NRT,Asia Pacific,Tokyo,74,0.05
47.236.120.9,2087,0,true,SIN,Asia Pacific,Singapore,58,0.05
8.219.110.248,8080,0,false,SIN,Asia Pacific,Singapore,10,0.05
8.219.193.97,443,0,true,SIN,Asia Pacific,Singapore,70,0.05
47.74.5.110,2086,0,false,NRT,Asia Pacific,Tokyo,75,0.05
47.245.37.56,2095,0,false,NRT,Asia Pacific,Tokyo,75,0.05
47.245.52.197,2052,0,false,NRT,Asia Pacific,Tokyo,78,0.05
8.219.199.70,8443,0,true,SIN,Asia Pacific,Singapore,69,0.05
47.74.6.55,8080,0,false,NRT,Asia Pacific,Tokyo,88,0.05
47.74.53.112,8880,0,false,NRT,Asia Pacific,Tokyo,90,0.05
47.245.31.153,2082,0,false,NRT,Asia Pacific,Tokyo,91,0.05
47.245.37.56,2086,0,false,NRT,Asia Pacific,Tokyo,82,0.05
47.245.37.56,8880,0,false,NRT,Asia Pacific,Tokyo,86,0.05
47.236.99.59,2053,0,true,SIN,Asia Pacific,Singapore,83,0.05
47.74.5.110,2052,0,false,NRT,Asia Pacific,Tokyo,73,0.05
47.74.6.55,2082,0,false,NRT,Asia Pacific,Tokyo,88,0.05
47.245.59.167,2052,0,false,NRT,Asia Pacific,Tokyo,103,0.05
47.74.6.157,8880,0,false,NRT,Asia Pacific,Tokyo,99,0.05
47.74.6.55,8080,0,false,NRT,Asia Pacific,Tokyo,89,0.05
47.245.31.153,8080,0,false,NRT,Asia Pacific,Tokyo,85,0.05
8.219.200.178,8443,0,true,SIN,Asia Pacific,Singapore,164,0.05
47.236.120.9,8443,0,true,SIN,Asia Pacific,Singapore,192,0.05
47.74.6.157,2086,0,false,NRT,Asia Pacific,Tokyo,86,0.05
47.74.54.182,2052,0,false,NRT,Asia Pacific,Tokyo,76,0.05
47.245.37.56,8080,0,false,NRT,Asia Pacific,Tokyo,80,0.05
47.74.53.112,8880,0,false,NRT,Asia Pacific,Tokyo,79,0.05
47.245.55.202,2082,0,false,NRT,Asia Pacific,Tokyo,73,0.05
47.91.22.66,8080,0,false,NRT,Asia Pacific,Tokyo,79,0.05
47.74.54.182,2095,0,false,NRT,Asia Pacific,Tokyo,73,0.05
8.219.200.178,2086,0,false,SIN,Asia Pacific,Singapore,16,0.05
47.74.6.55,8880,0,false,NRT,Asia Pacific,Tokyo,85,0.05
47.74.53.112,2052,0,false,NRT,Asia Pacific,Tokyo,88,0.05
47.74.54.182,2082,0,false,NRT,Asia Pacific,Tokyo,72,0.05
47.74.53.112,2082,0,false,NRT,Asia Pacific,Tokyo,85,0.05
47.91.22.66,2086,0,false,NRT,Asia Pacific,Tokyo,101,0.05
47.245.14.74,2095,0,false,NRT,Asia Pacific,Tokyo,79,0.05
47.74.43.143,2052,0,false,NRT,Asia Pacific,Tokyo,78,0.05
47.245.52.197,2086,0,false,NRT,Asia Pacific,Tokyo,114,0.05
47.245.55.202,2095,0,false,NRT,Asia Pacific,Tokyo,83,0.05
47.74.43.143,8880,0,false,NRT,Asia Pacific,Tokyo,77,0.05
47.74.6.55,2086,0,false,NRT,Asia Pacific,Tokyo,92,0.05
47.74.43.143,8880,0,false,NRT,Asia Pacific,Tokyo,79,0.05
47.245.52.197,2082,0,false,NRT,Asia Pacific,Tokyo,106,0.05
47.245.12.189,2095,0,false,NRT,Asia Pacific,Tokyo,85,0.05
8.219.153.253,2083,0,true,SIN,Asia Pacific,Singapore,53,0.05
47.245.59.167,2052,0,false,NRT,Asia Pacific,Tokyo,77,0.05
47.91.22.66,2095,0,false,NRT,Asia Pacific,Tokyo,73,0.05
8.219.153.253,8880,0,false,SIN,Asia Pacific,Singapore,7,0.05
47.74.5.110,2095,0,false,NRT,Asia Pacific,Tokyo,76,0.05
47.245.31.153,8880,0,false,NRT,Asia Pacific,Tokyo,86,0.05
47.74.53.112,8080,0,false,NRT,Asia Pacific,Tokyo,93,0.05
47.74.54.182,2086,0,false,NRT,Asia Pacific,Tokyo,73,0.05
47.245.37.56,2052,0,false,NRT,Asia Pacific,Tokyo,77,0.05
8.222.145.43,8880,0,false,SIN,Asia Pacific,Singapore,12,0.05
47.74.6.157,2052,0,false,NRT,Asia Pacific,Tokyo,77,0.05
47.245.31.153,2052,0,false,NRT,Asia Pacific,Tokyo,75,0.05
47.74.43.143,2095,0,false,NRT,Asia Pacific,Tokyo,77,0.05
47.74.5.110,2082,0,false,NRT,Asia Pacific,Tokyo,86,0.05
47.74.6.55,2082,0,false,NRT,Asia Pacific,Tokyo,82,0.05
47.245.31.153,2086,0,false,NRT,Asia Pacific,Tokyo,77,0.05
47.74.54.182,8080,0,false,NRT,Asia Pacific,Tokyo,80,0.05
47.245.37.56,8880,0,false,NRT,Asia Pacific,Tokyo,72,0.05
47.245.39.116,2052,0,false,NRT,Asia Pacific,Tokyo,93,0.05
47.74.5.110,2095,0,false,NRT,Asia Pacific,Tokyo,81,0.05
47.74.54.182,8880,0,false,NRT,Asia Pacific,Tokyo,78,0.05
47.74.6.55,2052,0,false,NRT,Asia Pacific,Tokyo,87,0.05
47.74.43.143,2086,0,false,NRT,Asia Pacific,Tokyo,82,0.05
47.245.14.74,2082,0,false,NRT,Asia Pacific,Tokyo,87,0.05
8.222.212.255,2052,0,false,SIN,Asia Pacific,Singapore,7,0.05
47.74.5.110,8880,0,false,NRT,Asia Pacific,Tokyo,85,0.05
47.245.37.56,2086,0,false,NRT,Asia Pacific,Tokyo,78,0.05
47.74.43.143,8080,0,false,NRT,Asia Pacific,Tokyo,73,0.05
47.245.55.202,2086,0,false,NRT,Asia Pacific,Tokyo,87,0.05
47.245.59.167,2095,0,false,NRT,Asia Pacific,Tokyo,77,0.05
8.219.193.97,2083,0,true,SIN,Asia Pacific,Singapore,12,0.05
47.245.59.167,2095,0,false,NRT,Asia Pacific,Tokyo,83,0.05
47.74.53.112,2086,0,false,NRT,Asia Pacific,Tokyo,92,0.05
47.74.53.112,2095,0,false,NRT,Asia Pacific,Tokyo,94,0.05
47.245.55.202,2052,0,false,NRT,Asia Pacific,Tokyo,108,0.05
8.219.56.244,8443,0,true,SIN,Asia Pacific,Singapore,134,0.05
47.245.52.197,2095,0,false,NRT,Asia Pacific,Tokyo,83,0.05
47.74.6.157,2082,0,false,NRT,Asia Pacific,Tokyo,76,0.05
47.74.54.182,2095,0,false,NRT,Asia Pacific,Tokyo,77,0.05
47.74.5.110,8080,0,false,NRT,Asia Pacific,Tokyo,75,0.04
47.74.43.143,2082,0,false,NRT,Asia Pacific,Tokyo,69,0.04
47.245.59.167,8080,0,false,NRT,Asia Pacific,Tokyo,78,0.04
47.91.22.66,2052,0,false,NRT,Asia Pacific,Tokyo,86,0.04
47.74.43.143,2052,0,false,NRT,Asia Pacific,Tokyo,77,0.04
47.242.171.94,443,443,true,HKG,Asia Pacific,Hong Kong,37,0.04
47.245.39.116,2052,0,false,NRT,Asia Pacific,Tokyo,85,0.04
47.74.43.143,2082,0,false,NRT,Asia Pacific,Tokyo,74,0.04
47.245.39.116,2095,0,false,NRT,Asia Pacific,Tokyo,86,0.04
47.245.39.116,2082,0,false,NRT,Asia Pacific,Tokyo,83,0.04
47.74.6.157,8880,0,false,NRT,Asia Pacific,Tokyo,79,0.04
47.74.6.157,8080,0,false,NRT,Asia Pacific,Tokyo,82,0.04
47.74.6.157,8080,0,false,NRT,Asia Pacific,Tokyo,86,0.04
47.245.39.116,2086,0,false,NRT,Asia Pacific,Tokyo,97,0.04
8.219.110.248,443,0,true,SIN,Asia Pacific,Singapore,37,0.04
47.245.52.197,8880,0,false,NRT,Asia Pacific,Tokyo,80,0.04
47.245.14.74,2052,0,false,NRT,Asia Pacific,Tokyo,85,0.04
47.74.5.110,2052,0,false,NRT,Asia Pacific,Tokyo,73,0.04
47.245.98.118,80,0,false,SIN,Asia Pacific,Singapore,10,0.04
47.74.6.157,2052,0,false,NRT,Asia Pacific,Tokyo,86,0.04
47.74.6.157,2086,0,false,NRT,Asia Pacific,Tokyo,81,0.04
47.74.54.182,2052,0,false,NRT,Asia Pacific,Tokyo,73,0.04
47.245.39.116,2086,0,false,NRT,Asia Pacific,Tokyo,77,0.04
47.245.59.167,2086,0,false,NRT,Asia Pacific,Tokyo,85,0.04
47.74.53.112,2082,0,false,NRT,Asia Pacific,Tokyo,73,0.04
8.222.199.55,8080,0,false,SIN,Asia Pacific,Singapore,14,0.04
47.245.55.202,2095,0,false,NRT,Asia Pacific,Tokyo,77,0.04
47.74.6.157,2095,0,false,NRT,Asia Pacific,Tokyo,82,0.04
47.245.52.197,8080,0,false,NRT,Asia Pacific,Tokyo,107,0.04
47.245.55.202,8880,0,false,NRT,Asia Pacific,Tokyo,85,0.04
47.245.39.116,2095,0,false,NRT,Asia Pacific,Tokyo,82,0.04
47.245.12.189,8080,0,false,NRT,Asia Pacific,Tokyo,73,0.04
47.74.6.55,2095,0,false,NRT,Asia Pacific,Tokyo,72,0.04
47.74.6.55,8880,0,false,NRT,Asia Pacific,Tokyo,86,0.04
47.74.53.112,8080,0,false,NRT,Asia Pacific,Tokyo,74,0.04
47.245.52.197,2086,0,false,NRT,Asia Pacific,Tokyo,118,0.04
8.219.56.244,2052,0,false,SIN,Asia Pacific,Singapore,15,0.04
47.74.54.182,2082,0,false,NRT,Asia Pacific,Tokyo,79,0.04
8.219.56.244,2053,0,true,SIN,Asia Pacific,Singapore,44,0.04
47.245.37.56,8080,0,false,NRT,Asia Pacific,Tokyo,90,0.04
47.245.39.116,8880,0,false,NRT,Asia Pacific,Tokyo,101,0.04
47.245.12.189,8880,0,false,NRT,Asia Pacific,Tokyo,88,0.04
8.219.153.253,8443,0,true,SIN,Asia Pacific,Singapore,70,0.04
47.245.14.74,8880,0,false,NRT,Asia Pacific,Tokyo,95,0.04
8.218.56.91,80,0,false,HKG,Asia Pacific,Hong Kong,41,0.04
8.219.208.104,2053,0,true,SIN,Asia Pacific,Singapore,138,0.04
47.74.53.112,2052,0,false,NRT,Asia Pacific,Tokyo,77,0.04
47.74.43.143,2086,0,false,NRT,Asia Pacific,Tokyo,79,0.04
47.74.6.55,2052,0,false,NRT,Asia Pacific,Tokyo,73,0.04
47.245.12.189,2086,0,false,NRT,Asia Pacific,Tokyo,74,0.04
47.74.54.182,2086,0,false,NRT,Asia Pacific,Tokyo,80,0.04
8.219.210.214,2083,0,true,SIN,Asia Pacific,Singapore,156,0.04
47.74.54.182,8080,0,false,NRT,Asia Pacific,Tokyo,87,0.04
47.74.6.157,2095,0,false,NRT,Asia Pacific,Tokyo,81,0.04
47.74.6.157,2082,0,false,NRT,Asia Pacific,Tokyo,88,0.04
47.245.12.189,2082,0,false,NRT,Asia Pacific,Tokyo,74,0.04
47.74.6.55,2095,0,false,NRT,Asia Pacific,Tokyo,83,0.04
47.91.22.66,8880,0,false,NRT,Asia Pacific,Tokyo,86,0.04
47.245.52.197,2082,0,false,NRT,Asia Pacific,Tokyo,92,0.04
8.219.110.248,2083,0,true,SIN,Asia Pacific,Singapore,66,0.04
47.245.37.56,2082,0,false,NRT,Asia Pacific,Tokyo,79,0.04
47.245.37.56,2095,0,false,NRT,Asia Pacific,Tokyo,77,0.04
47.245.52.197,2052,0,false,NRT,Asia Pacific,Tokyo,97,0.04
47.245.55.202,2082,0,false,NRT,Asia Pacific,Tokyo,92,0.04
47.245.52.197,8080,0,false,NRT,Asia Pacific,Tokyo,87,0.04
8.219.200.178,2087,0,true,SIN,Asia Pacific,Singapore,101,0.04
47.245.31.153,2095,0,false,NRT,Asia Pacific,Tokyo,78,0.04
47.245.55.202,2086,0,false,NRT,Asia Pacific,Tokyo,84,0.04
47.245.55.202,8080,0,false,NRT,Asia Pacific,Tokyo,78,0.04
47.245.39.116,8080,0,false,NRT,Asia Pacific,Tokyo,76,0.04
47.74.6.55,2086,0,false,NRT,Asia Pacific,Tokyo,83,0.04
47.245.55.202,8880,0,false,NRT,Asia Pacific,Tokyo,89,0.04
47.74.5.110,8880,0,false,NRT,Asia Pacific,Tokyo,75,0.04
47.245.55.202,2052,0,false,NRT,Asia Pacific,Tokyo,79,0.04
47.245.59.167,2082,0,false,NRT,Asia Pacific,Tokyo,102,0.04
47.74.5.110,8080,0,false,NRT,Asia Pacific,Tokyo,96,0.04
47.245.14.74,2086,0,false,NRT,Asia Pacific,Tokyo,83,0.04
8.222.212.255,443,0,true,SIN,Asia Pacific,Singapore,66,0.04
47.245.14.74,8080,0,false,NRT,Asia Pacific,Tokyo,73,0.04
47.245.39.116,8880,0,false,NRT,Asia Pacific,Tokyo,84,0.04
47.74.5.110,2082,0,false,NRT,Asia Pacific,Tokyo,83,0.04
47.245.52.197,2095,0,false,NRT,Asia Pacific,Tokyo,89,0.04
47.74.53.112,2095,0,false,NRT,Asia Pacific,Tokyo,94,0.04
8.219.153.253,2082,0,false,SIN,Asia Pacific,Singapore,16,0.04
8.219.193.97,443,0,true,SIN,Asia Pacific,Singapore,168,0.04
47.243.179.249,2096,0,true,HKG,Asia Pacific,Hong Kong,72,0.04
8.222.156.205,443,0,true,SIN,Asia Pacific,Singapore,136,0.04
47.245.59.167,2086,0,false,NRT,Asia Pacific,Tokyo,116,0.04
8.219.199.70,8443,0,true,SIN,Asia Pacific,Singapore,93,0.04
47.74.43.143,2095,0,false,NRT,Asia Pacific,Tokyo,83,0.03
47.245.59.167,8880,0,false,NRT,Asia Pacific,Tokyo,82,0.03
8.222.212.255,8443,0,true,SIN,Asia Pacific,Singapore,115,0.03
47.245.59.167,8080,0,false,NRT,Asia Pacific,Tokyo,84,0.03
47.245.52.197,8880,0,false,NRT,Asia Pacific,Tokyo,114,0.03
47.245.55.202,8080,0,false,NRT,Asia Pacific,Tokyo,120,0.03
47.236.99.59,2087,0,true,SIN,Asia Pacific,Singapore,88,0.03
47.245.12.189,2052,0,false,NRT,Asia Pacific,Tokyo,78,0.03
8.219.199.70,443,0,true,SIN,Asia Pacific,Singapore,73,0.03
47.89.17.122,80,0,false,SLC,North America,Salt Lake City,80,0.03
8.219.193.97,2087,0,true,SIN,Asia Pacific,Singapore,148,0.03
8.219.200.178,8080,0,false,SIN,Asia Pacific,Singapore,13,0.03
8.219.56.244,2083,0,true,SIN,Asia Pacific,Singapore,55,0.03
8.219.153.253,2083,0,true,SIN,Asia Pacific,Singapore,47,0.03
8.222.199.55,443,0,true,SIN,Asia Pacific,Singapore,46,0.03
8.222.199.55,80,0,false,SIN,Asia Pacific,Singapore,13,0.03
47.74.5.110,2086,0,false,NRT,Asia Pacific,Tokyo,80,0.03
47.89.17.122,80,0,false,SLC,North America,Salt Lake City,122,0.03
47.74.43.143,8443,0,true,NRT,Asia Pacific,Tokyo,75,0.03
47.242.171.94,2053,2053,true,HKG,Asia Pacific,Hong Kong,108,0.03
8.222.199.55,2052,0,false,SIN,Asia Pacific,Singapore,13,0.03
47.74.6.55,2096,0,true,NRT,Asia Pacific,Tokyo,128,0.03
8.219.123.11,2095,0,false,SIN,Asia Pacific,Singapore,6,0.03
47.74.6.55,2083,0,true,NRT,Asia Pacific,Tokyo,83,0.03
8.219.200.178,2096,0,true,SIN,Asia Pacific,Singapore,87,0.03
47.245.14.74,2053,0,true,NRT,Asia Pacific,Tokyo,190,0.03
47.245.37.56,8443,0,true,NRT,Asia Pacific,Tokyo,305,0.03
8.219.210.214,8443,0,true,SIN,Asia Pacific,Singapore,140,0.03
47.74.53.112,2083,0,true,NRT,Asia Pacific,Tokyo,92,0.03
8.222.199.55,8443,0,true,SIN,Asia Pacific,Singapore,90,0.03
47.74.53.112,8443,0,true,NRT,Asia Pacific,Tokyo,141,0.03
47.74.43.143,2053,0,true,NRT,Asia Pacific,Tokyo,129,0.03
47.74.54.182,8443,0,true,NRT,Asia Pacific,Tokyo,122,0.03
8.219.193.97,2096,0,true,SIN,Asia Pacific,Singapore,92,0.03
47.74.54.182,2083,0,true,NRT,Asia Pacific,Tokyo,112,0.03
8.222.199.55,2096,0,true,SIN,Asia Pacific,Singapore,156,0.03
47.245.12.189,2083,0,true,NRT,Asia Pacific,Tokyo,228,0.03
47.74.53.112,2053,0,true,NRT,Asia Pacific,Tokyo,175,0.03
8.219.102.123,2053,0,true,SIN,Asia Pacific,Singapore,86,0.03
47.245.59.167,2087,0,true,NRT,Asia Pacific,Tokyo,127,0.03
47.91.1.38,8443,0,true,NRT,Asia Pacific,Tokyo,81,0.03
47.74.6.157,8443,0,true,NRT,Asia Pacific,Tokyo,192,0.03
47.74.54.182,2053,0,true,NRT,Asia Pacific,Tokyo,82,0.03
8.219.123.11,2053,0,true,SIN,Asia Pacific,Singapore,64,0.03
47.245.12.189,2053,0,true,NRT,Asia Pacific,Tokyo,194,0.03
47.245.37.56,2083,0,true,NRT,Asia Pacific,Tokyo,188,0.03
47.245.31.153,2096,0,true,NRT,Asia Pacific,Tokyo,126,0.03
8.219.200.178,2053,0,true,SIN,Asia Pacific,Singapore,116,0.03
47.74.43.143,2087,0,true,NRT,Asia Pacific,Tokyo,120,0.03
47.74.43.143,2053,0,true,NRT,Asia Pacific,Tokyo,157,0.03
47.74.43.143,2083,0,true,NRT,Asia Pacific,Tokyo,161,0.02
47.91.22.66,2053,0,true,NRT,Asia Pacific,Tokyo,126,0.02
47.245.59.167,8443,0,true,NRT,Asia Pacific,Tokyo,227,0.02
47.245.12.189,2087,0,true,NRT,Asia Pacific,Tokyo,160,0.02
47.74.6.55,2096,0,true,NRT,Asia Pacific,Tokyo,142,0.02
47.74.54.182,2083,0,true,NRT,Asia Pacific,Tokyo,112,0.02
47.74.54.182,2087,0,true,NRT,Asia Pacific,Tokyo,74,0.02
47.74.6.55,2087,0,true,NRT,Asia Pacific,Tokyo,170,0.02
47.245.55.202,2083,0,true,NRT,Asia Pacific,Tokyo,161,0.02
47.245.52.197,2083,0,true,NRT,Asia Pacific,Tokyo,169,0.02
47.245.14.74,8443,0,true,NRT,Asia Pacific,Tokyo,147,0.02
47.74.6.157,2083,0,true,NRT,Asia Pacific,Tokyo,212,0.02
47.74.54.182,2096,0,true,NRT,Asia Pacific,Tokyo,134,0.02
8.210.58.56,80,80,false,HKG,Asia Pacific,Hong Kong,34,0.02
47.74.53.112,2053,0,true,NRT,Asia Pacific,Tokyo,91,0.02
47.74.5.110,2083,0,true,NRT,Asia Pacific,Tokyo,148,0.02
47.74.5.110,8443,0,true,NRT,Asia Pacific,Tokyo,89,0.02
47.245.55.202,2087,0,true,NRT,Asia Pacific,Tokyo,172,0.02
47.74.53.112,8443,0,true,NRT,Asia Pacific,Tokyo,154,0.02
8.219.56.244,8080,0,false,SIN,Asia Pacific,Singapore,16,0.02
47.245.59.167,2096,0,true,NRT,Asia Pacific,Tokyo,76,0.02
47.74.54.182,2096,0,true,NRT,Asia Pacific,Tokyo,150,0.02
47.245.14.74,2087,0,true,NRT,Asia Pacific,Tokyo,139,0.02
47.245.31.153,2087,0,true,NRT,Asia Pacific,Tokyo,202,0.02
47.74.43.143,2087,0,true,NRT,Asia Pacific,Tokyo,134,0.02
47.74.6.55,2087,0,true,NRT,Asia Pacific,Tokyo,191,0.02
47.74.6.55,8443,0,true,NRT,Asia Pacific,Tokyo,110,0.02
47.74.54.182,8443,0,true,NRT,Asia Pacific,Tokyo,168,0.02
47.245.39.116,2096,0,true,NRT,Asia Pacific,Tokyo,90,0.02
8.219.123.11,2096,0,true,SIN,Asia Pacific,Singapore,34,0.02
47.74.54.182,2087,0,true,NRT,Asia Pacific,Tokyo,95,0.02
47.74.5.110,2096,0,true,NRT,Asia Pacific,Tokyo,280,0.02
47.91.22.66,2083,0,true,NRT,Asia Pacific,Tokyo,116,0.02
47.74.6.157,2096,0,true,NRT,Asia Pacific,Tokyo,271,0.02
47.91.22.66,2087,0,true,NRT,Asia Pacific,Tokyo,123,0.02
47.74.5.110,8443,0,true,NRT,Asia Pacific,Tokyo,131,0.02
47.74.53.112,2096,0,true,NRT,Asia Pacific,Tokyo,114,0.02
47.74.53.112,2083,0,true,NRT,Asia Pacific,Tokyo,134,0.02
47.74.5.110,2087,0,true,NRT,Asia Pacific,Tokyo,175,0.02
47.245.59.167,2083,0,true,NRT,Asia Pacific,Tokyo,179,0.02
47.245.37.56,2087,0,true,NRT,Asia Pacific,Tokyo,203,0.02
8.219.239.79,2053,0,true,SIN,Asia Pacific,Singapore,66,0.02
8.211.4.215,80,80,false,FRA,Europe,Frankfurt,158,0.02
47.245.31.153,2053,0,true,NRT,Asia Pacific,Tokyo,168,0.02
47.245.37.56,2053,0,true,NRT,Asia Pacific,Tokyo,275,0.02
47.74.6.55,8443,0,true,NRT,Asia Pacific,Tokyo,173,0.02
8.219.199.70,443,0,true,SIN,Asia Pacific,Singapore,86,0.02
8.211.4.215,80,80,false,FRA,Europe,Frankfurt,180,0.02
47.245.52.197,2087,0,true,NRT,Asia Pacific,Tokyo,153,0.02
47.245.52.197,2053,0,true,NRT,Asia Pacific,Tokyo,114,0.02
47.74.43.143,8443,0,true,NRT,Asia Pacific,Tokyo,163,0.02
47.74.43.143,2083,0,true,NRT,Asia Pacific,Tokyo,74,0.02
47.245.14.74,2096,0,true,NRT,Asia Pacific,Tokyo,127,0.02
8.219.249.92,80,0,false,SIN,Asia Pacific,Singapore,12,0.02
47.245.55.202,2053,0,true,NRT,Asia Pacific,Tokyo,140,0.02
47.74.53.112,2087,0,true,NRT,Asia Pacific,Tokyo,150,0.02
8.219.239.79,2082,0,false,SIN,Asia Pacific,Singapore,12,0.02
8.222.199.55,2053,0,true,SIN,Asia Pacific,Singapore,142,0.02
47.245.52.197,2096,0,true,NRT,Asia Pacific,Tokyo,182,0.02
47.91.22.66,2096,0,true,NRT,Asia Pacific,Tokyo,109,0.02
8.219.239.79,2086,0,false,SIN,Asia Pacific,Singapore,18,0.02
47.245.55.202,2096,0,true,NRT,Asia Pacific,Tokyo,205,0.02
8.222.145.43,2083,0,true,SIN,Asia Pacific,Singapore,43,0.02
47.245.31.153,2083,0,true,NRT,Asia Pacific,Tokyo,182,0.02
47.245.59.167,2053,0,true,NRT,Asia Pacific,Tokyo,231,0.02
47.245.39.116,2087,0,true,NRT,Asia Pacific,Tokyo,189,0.02
8.222.145.43,2087,0,true,SIN,Asia Pacific,Singapore,111,0.02
47.74.6.157,2083,0,true,NRT,Asia Pacific,Tokyo,188,0.02
8.222.145.43,2096,0,true,SIN,Asia Pacific,Singapore,102,0.02
47.74.6.157,2053,0,true,NRT,Asia Pacific,Tokyo,114,0.02
8.219.193.97,8443,0,true,SIN,Asia Pacific,Singapore,84,0.02
47.74.5.110,2083,0,true,NRT,Asia Pacific,Tokyo,162,0.02
47.245.14.74,2083,0,true,NRT,Asia Pacific,Tokyo,160,0.02
47.245.59.167,2087,0,true,NRT,Asia Pacific,Tokyo,291,0.02
47.74.54.182,2053,0,true,NRT,Asia Pacific,Tokyo,170,0.02
47.74.5.110,2087,0,true,NRT,Asia Pacific,Tokyo,157,0.02
47.74.6.157,2087,0,true,NRT,Asia Pacific,Tokyo,184,0.02
47.245.59.167,8443,0,true,NRT,Asia Pacific,Tokyo,174,0.02
47.74.6.157,2053,0,true,NRT,Asia Pacific,Tokyo,141,0.02
8.222.199.55,8443,0,true,SIN,Asia Pacific,Singapore,115,0.02
47.91.22.66,8443,0,true,NRT,Asia Pacific,Tokyo,92,0.02
47.52.153.106,80,0,false,SLC,North America,Salt Lake City,141,0.02
47.74.6.55,2083,0,true,NRT,Asia Pacific,Tokyo,181,0.02
47.74.53.112,2087,0,true,NRT,Asia Pacific,Tokyo,110,0.02
47.74.6.157,2096,0,true,NRT,Asia Pacific,Tokyo,113,0.02
47.245.39.116,2053,0,true,NRT,Asia Pacific,Tokyo,168,0.02
47.91.22.66,8443,0,true,NRT,Asia Pacific,Tokyo,78,0.02
47.91.1.94,2053,0,true,NRT,Asia Pacific,Tokyo,120,0.02
8.222.199.55,2083,0,true,SIN,Asia Pacific,Singapore,66,0.02
47.74.6.55,2053,0,true,NRT,Asia Pacific,Tokyo,121,0.02
8.219.208.104,2096,0,true,SIN,Asia Pacific,Singapore,147,0.02
47.245.12.189,8443,0,true,NRT,Asia Pacific,Tokyo,146,0.02
8.222.199.55,2083,0,true,SIN,Asia Pacific,Singapore,84,0.02
47.74.5.110,2053,0,true,NRT,Asia Pacific,Tokyo,162,0.02
8.219.110.248,2096,0,true,SIN,Asia Pacific,Singapore,65,0.02
47.245.31.153,8443,0,true,NRT,Asia Pacific,Tokyo,155,0.02
47.245.52.197,2083,0,true,NRT,Asia Pacific,Tokyo,194,0.02
47.245.52.197,2087,0,true,NRT,Asia Pacific,Tokyo,135,0.02
47.245.52.197,8443,0,true,NRT,Asia Pacific,Tokyo,117,0.02
8.218.249.130,80,0,false,SLC,North America,Salt Lake City,96,0.02
8.219.199.70,2096,0,true,SIN,Asia Pacific,Singapore,79,0.02
47.245.39.116,8443,0,true,NRT,Asia Pacific,Tokyo,153,0.02
47.74.53.112,2096,0,true,NRT,Asia Pacific,Tokyo,93,0.02
47.245.52.197,8443,0,true,NRT,Asia Pacific,Tokyo,193,0.02
47.245.55.202,2083,0,true,NRT,Asia Pacific,Tokyo,231,0.02
8.219.200.178,8880,0,false,SIN,Asia Pacific,Singapore,14,0.02
47.56.68.62,80,0,false,SLC,North America,Salt Lake City,36,0.02
47.245.52.197,2053,0,true,NRT,Asia Pacific,Tokyo,133,0.02
47.52.153.106,80,0,false,SLC,North America,Salt Lake City,89,0.02
47.56.108.50,80,0,false,SLC,North America,Salt Lake City,85,0.02
8.219.110.248,2082,0,false,SIN,Asia Pacific,Singapore,6,0.02
47.245.59.167,2053,0,true,NRT,Asia Pacific,Tokyo,189,0.02
47.245.52.197,2096,0,true,NRT,Asia Pacific,Tokyo,128,0.02
47.236.28.170,8443,0,true,SIN,Asia Pacific,Singapore,142,0.02
8.219.193.97,2083,0,true,SIN,Asia Pacific,Singapore,116,0.02
47.236.99.59,2083,0,true,SIN,Asia Pacific,Singapore,120,0.02
47.91.1.38,2053,0,true,NRT,Asia Pacific,Tokyo,87,0.02
8.219.102.123,2083,0,true,SIN,Asia Pacific,Singapore,104,0.02
47.236.28.170,2053,0,true,SIN,Asia Pacific,Singapore,112,0.02
8.219.110.248,2053,0,true,SIN,Asia Pacific,Singapore,87,0.02
8.219.239.79,2087,0,true,SIN,Asia Pacific,Singapore,138,0.02
8.219.199.70,2083,0,true,SIN,Asia Pacific,Singapore,102,0.02
47.236.28.170,2087,0,true,SIN,Asia Pacific,Singapore,66,0.02
8.219.200.178,2083,0,true,SIN,Asia Pacific,Singapore,186,0.02
47.74.6.55,2053,0,true,NRT,Asia Pacific,Tokyo,191,0.02
47.74.43.143,2096,0,true,NRT,Asia Pacific,Tokyo,125,0.02
8.219.153.253,2053,0,true,SIN,Asia Pacific,Singapore,66,0.02
8.219.210.214,2053,0,true,SIN,Asia Pacific,Singapore,70,0.02
8.219.102.123,8443,0,true,SIN,Asia Pacific,Singapore,79,0.02
47.245.59.167,2083,0,true,NRT,Asia Pacific,Tokyo,178,0.02
8.222.145.43,2053,0,true,SIN,Asia Pacific,Singapore,133,0.02
47.74.5.110,2053,0,true,NRT,Asia Pacific,Tokyo,107,0.01
8.219.153.253,2086,0,false,SIN,Asia Pacific,Singapore,7,0.01
47.243.179.249,2053,0,true,HKG,Asia Pacific,Hong Kong,43,0.01
47.245.55.202,2096,0,true,NRT,Asia Pacific,Tokyo,228,0.01
47.245.59.167,2096,0,true,NRT,Asia Pacific,Tokyo,213,0.01
8.210.58.56,80,80,false,HKG,Asia Pacific,Hong Kong,85,0.01
8.222.212.255,2083,0,true,SIN,Asia Pacific,Singapore,83,0.01
47.245.37.56,2096,0,true,NRT,Asia Pacific,Tokyo,210,0.01
8.219.102.123,8443,0,true,SIN,Asia Pacific,Singapore,78,0.01
47.236.28.170,2083,0,true,SIN,Asia Pacific,Singapore,90,0.01
47.236.99.59,2096,0,true,SIN,Asia Pacific,Singapore,96,0.01
47.236.120.9,2083,0,true,SIN,Asia Pacific,Singapore,148,0.01
47.236.120.9,2053,0,true,SIN,Asia Pacific,Singapore,115,0.01
47.236.28.170,2096,0,true,SIN,Asia Pacific,Singapore,123,0.01
8.219.110.248,8443,0,true,SIN,Asia Pacific,Singapore,63,0.01
8.219.208.104,2083,0,true,SIN,Asia Pacific,Singapore,53,0.01
8.222.199.55,2087,0,true,SIN,Asia Pacific,Singapore,95,0.01
8.219.123.11,2083,0,true,SIN,Asia Pacific,Singapore,54,0.01
47.245.55.202,2053,0,true,NRT,Asia Pacific,Tokyo,157,0.01
8.219.123.11,2096,0,true,SIN,Asia Pacific,Singapore,34,0.01
8.222.156.205,2087,0,true,SIN,Asia Pacific,Singapore,62,0.01
8.222.156.205,2087,0,true,SIN,Asia Pacific,Singapore,107,0.01
8.219.210.214,2087,0,true,SIN,Asia Pacific,Singapore,113,0.01
8.222.156.205,2083,0,true,SIN,Asia Pacific,Singapore,89,0.01
8.219.193.97,2053,0,true,SIN,Asia Pacific,Singapore,111,0.01
8.222.212.255,2096,0,true,SIN,Asia Pacific,Singapore,101,0.01
8.222.156.205,2083,0,true,SIN,Asia Pacific,Singapore,61,0.01
47.74.6.157,2087,0,true,NRT,Asia Pacific,Tokyo,149,0.01
8.222.145.43,2087,0,true,SIN,Asia Pacific,Singapore,66,0.01
8.219.210.214,2096,0,true,SIN,Asia Pacific,Singapore,48,0.01
8.219.200.178,2053,0,true,SIN,Asia Pacific,Singapore,104,0.01
8.222.145.43,2096,0,true,SIN,Asia Pacific,Singapore,11,0.01
47.245.39.116,2083,0,true,NRT,Asia Pacific,Tokyo,149,0.01
47.245.12.189,2096,0,true,NRT,Asia Pacific,Tokyo,150,0.01
8.222.212.255,2096,0,true,SIN,Asia Pacific,Singapore,109,0.01
8.219.239.79,8443,0,true,SIN,Asia Pacific,Singapore,106,0.01
8.222.156.205,2053,0,true,SIN,Asia Pacific,Singapore,87,0.01
8.219.208.104,2083,0,true,SIN,Asia Pacific,Singapore,149,0.01
8.219.193.97,2087,0,true,SIN,Asia Pacific,Singapore,136,0.01
8.219.210.214,2083,0,true,SIN,Asia Pacific,Singapore,104,0.01
8.219.208.104,2053,0,true,SIN,Asia Pacific,Singapore,64,0.01
8.222.156.205,2053,0,true,SIN,Asia Pacific,Singapore,152,0.01
8.219.200.178,2096,0,true,SIN,Asia Pacific,Singapore,142,0.01
8.219.199.70,2053,0,true,SIN,Asia Pacific,Singapore,107,0.01
8.219.199.70,2087,0,true,SIN,Asia Pacific,Singapore,84,0.01
8.219.193.97,2096,0,true,SIN,Asia Pacific,Singapore,98,0.01
8.210.58.56,8443,0,false,HKG,Asia Pacific,Hong Kong,42,0.01
8.222.212.255,2087,0,true,SIN,Asia Pacific,Singapore,71,0.01
8.219.193.97,8443,0,true,SIN,Asia Pacific,Singapore,71,0.01
47.245.55.202,2087,0,true,NRT,Asia Pacific,Tokyo,211,0.01
47.57.9.17,80,0,false,HKG,Asia Pacific,Hong Kong,121,0.01
47.245.107.174,2083,2083,true,SIN,Asia Pacific,Singapore,74,0.01
8.222.156.205,8080,0,false,SIN,Asia Pacific,Singapore,26,0.01
47.91.149.178,8443,0,false,HKG,Asia Pacific,Hong Kong,77,0.00
8.212.26.72,8880,0,false,HKG,Asia Pacific,Hong Kong,113,0.00
47.57.9.17,80,0,false,HKG,Asia Pacific,Hong Kong,89,0.00
8.212.26.72,2052,0,false,HKG,Asia Pacific,Hong Kong,87,0.00
8.212.27.208,8080,0,false,HKG,Asia Pacific,Hong Kong,108,0.00
8.212.26.72,8080,0,false,HKG,Asia Pacific,Hong Kong,43,0.00
8.212.26.41,8880,0,false,HKG,Asia Pacific,Hong Kong,40,0.00
8.212.26.41,8080,0,false,HKG,Asia Pacific,Hong Kong,47,0.00
8.212.27.208,8880,0,false,HKG,Asia Pacific,Hong Kong,78,0.00
8.212.27.208,2052,0,false,HKG,Asia Pacific,Hong Kong,41,0.00
8.212.26.41,2052,0,false,HKG,Asia Pacific,Hong Kong,83,0.00
8.210.125.142,80,0,false,HKG,Asia Pacific,Hong Kong,42,0.00
8.210.253.224,80,0,false,HKG,Asia Pacific,Hong Kong,84,0.00
8.217.53.235,80,0,false,HKG,Asia Pacific,Hong Kong,83,0.00
8.217.150.123,2082,0,false,HKG,Asia Pacific,Hong Kong,41,0.00
47.236.235.61,8080,0,false,SIN,Asia Pacific,Singapore,22,0.00
8.210.152.174,80,0,false,HKG,Asia Pacific,Hong Kong,32,0.00
47.245.118.70,2086,2086,false,SIN,Asia Pacific,Singapore,16,0.00
47.242.68.32,80,80,false,HKG,Asia Pacific,Hong Kong,34,0.00
47.243.121.130,80,0,false,HKG,Asia Pacific,Hong Kong,81,0.00
8.210.1.224,80,0,false,HKG,Asia Pacific,Hong Kong,44,0.00
47.242.147.215,80,0,false,HKG,Asia Pacific,Hong Kong,41,0.00
8.210.92.53,80,0,false,HKG,Asia Pacific,Hong Kong,118,0.00
47.254.28.51,80,0,false,SJC,North America,San Jose,173,0.00
47.251.58.176,80,0,false,SJC,North America,San Jose,178,0.00
8.216.129.199,80,0,false,SIN,Asia Pacific,Singapore,27,0.00
47.254.95.161,80,0,false,SJC,North America,San Jose,173,0.00
47.88.10.230,80,0,false,SJC,North America,San Jose,178,0.00
8.216.129.236,80,0,false,SIN,Asia Pacific,Singapore,10,0.00
47.251.62.49,80,0,false,SJC,North America,San Jose,178,0.00
47.254.14.50,80,0,false,SJC,North America,San Jose,172,0.00
47.74.39.193,80,0,false,NRT,Asia Pacific,Tokyo,75,0.00
47.241.108.243,80,0,false,SIN,Asia Pacific,Singapore,18,0.00
47.251.39.163,80,0,false,SJC,North America,San Jose,178,0.00
47.89.233.134,8080,0,false,SJC,North America,San Jose,174,0.00
47.241.108.243,80,0,false,SIN,Asia Pacific,Singapore,57,0.00
47.251.9.44,80,0,false,SJC,North America,San Jose,181,0.00
47.251.46.13,80,0,false,SJC,North America,San Jose,177,0.00
47.254.57.148,80,0,false,SJC,North America,San Jose,181,0.00
8.212.10.84,80,0,false,HKG,Asia Pacific,Hong Kong,86,0.00
47.254.45.63,80,0,false,SJC,North America,San Jose,177,0.00
47.251.18.161,80,0,false,SJC,North America,San Jose,171,0.00
47.254.42.83,80,0,false,SJC,North America,San Jose,172,0.00
47.251.37.209,80,0,false,SJC,North America,San Jose,178,0.00
47.89.233.134,8080,0,false,SJC,North America,San Jose,175,0.00
8.216.129.133,80,0,false,SIN,Asia Pacific,Singapore,14,0.00
47.254.57.148,80,0,false,SJC,North America,San Jose,181,0.00
47.251.46.13,80,0,false,SJC,North America,San Jose,181,0.00
47.251.5.99,80,0,false,SJC,North America,San Jose,169,0.00
47.88.93.190,80,0,false,SJC,North America,San Jose,173,0.00
8.216.129.133,80,0,false,SIN,Asia Pacific,Singapore,20,0.00
47.251.7.248,80,0,false,SJC,North America,San Jose,176,0.00
47.251.5.99,80,0,false,SJC,North America,San Jose,179,0.00
47.251.57.109,80,0,false,SJC,North America,San Jose,173,0.00
47.251.57.109,80,0,false,SJC,North America,San Jose,175,0.00
47.89.218.27,80,0,false,SJC,North America,San Jose,179,0.00
47.88.14.5,80,0,false,SJC,North America,San Jose,177,0.00
198.11.175.2,80,0,false,SJC,North America,San Jose,174,0.00
8.219.2.232,80,0,false,SIN,Asia Pacific,Singapore,11,0.00
47.254.52.145,8080,0,false,SJC,North America,San Jose,174,0.00
47.251.9.44,80,0,false,SJC,North America,San Jose,175,0.00
8.209.240.182,80,0,false,NRT,Asia Pacific,Tokyo,77,0.00
47.88.31.196,80,0,false,SJC,North America,San Jose,175,0.00
47.251.37.209,80,0,false,SJC,North America,San Jose,174,0.00
47.88.85.205,80,0,false,SJC,North America,San Jose,176,0.00
47.251.39.163,80,0,false,SJC,North America,San Jose,175,0.00
8.216.129.199,80,0,false,SIN,Asia Pacific,Singapore,16,0.00
47.251.18.161,80,0,false,SJC,North America,San Jose,180,0.00
47.241.236.146,8080,0,false,SIN,Asia Pacific,Singapore,49,0.00
47.251.48.50,80,0,false,SJC,North America,San Jose,175,0.00
47.241.79.232,80,0,false,SIN,Asia Pacific,Singapore,32,0.00
8.211.168.133,80,0,false,NRT,Asia Pacific,Tokyo,72,0.00
139.95.1.216,80,0,false,HKG,Asia Pacific,Hong Kong,367,0.00
47.251.7.248,80,0,false,SJC,North America,San Jose,176,0.00
8.219.211.85,80,0,false,SIN,Asia Pacific,Singapore,10,0.00
47.251.50.66,80,0,false,SJC,North America,San Jose,173,0.00
47.254.79.159,80,0,false,SJC,North America,San Jose,173,0.00
47.251.50.66,80,0,false,SJC,North America,San Jose,179,0.00
8.219.80.164,80,0,false,SIN,Asia Pacific,Singapore,2,0.00
8.222.248.181,80,0,false,SIN,Asia Pacific,Singapore,3,0.00
47.74.39.193,80,0,false,NRT,Asia Pacific,Tokyo,70,0.00
47.245.95.160,80,0,false,SIN,Asia Pacific,Singapore,10,0.00
47.254.28.51,80,0,false,SJC,North America,San Jose,181,0.00
47.74.9.5,80,0,false,NRT,Asia Pacific,Tokyo,79,0.00
8.222.152.169,80,0,false,SIN,Asia Pacific,Singapore,26,0.00
47.88.46.210,80,0,false,SJC,North America,San Jose,186,0.00
47.251.48.50,80,0,false,SJC,North America,San Jose,173,0.00
8.216.129.236,80,0,false,SIN,Asia Pacific,Singapore,11,0.00
47.251.50.238,80,0,false,SJC,North America,San Jose,178,0.00
47.245.29.10,80,0,false,NRT,Asia Pacific,Tokyo,77,0.00
47.254.2.39,80,0,false,SJC,North America,San Jose,176,0.00
47.254.2.39,80,0,false,SJC,North America,San Jose,174,0.00
47.88.2.156,80,0,false,SJC,North America,San Jose,173,0.00
47.241.79.232,80,0,false,SIN,Asia Pacific,Singapore,59,0.00
47.254.32.115,80,0,false,SJC,North America,San Jose,194,0.00
8.219.10.250,80,0,false,SIN,Asia Pacific,Singapore,1,0.00
47.245.93.164,80,0,false,SIN,Asia Pacific,Singapore,16,0.00
8.209.241.207,8080,0,false,NRT,Asia Pacific,Tokyo,76,0.00
8.210.152.174,80,0,false,HKG,Asia Pacific,Hong Kong,135,0.00
47.251.50.238,80,0,false,SJC,North America,San Jose,175,0.00
149.129.85.67,80,0,false,HKG,Asia Pacific,Hong Kong,142,0.00
47.242.126.93,80,0,false,HKG,Asia Pacific,Hong Kong,42,0.00
149.129.85.67,80,0,false,HKG,Asia Pacific,Hong Kong,80,0.00
8.218.44.118,80,0,false,HKG,Asia Pacific,Hong Kong,44,0.00
8.213.156.108,80,0,false,ICN,Asia Pacific,Seoul,82,0.00
47.242.226.197,80,0,false,HKG,Asia Pacific,Hong Kong,40,0.00
8.219.243.162,80,0,false,SIN,Asia Pacific,Singapore,17,0.00
47.240.11.186,80,0,false,HKG,Asia Pacific,Hong Kong,57,0.00
8.213.136.154,80,0,false,ICN,Asia Pacific,Seoul,65,0.00
8.219.243.162,80,0,false,SIN,Asia Pacific,Singapore,11,0.00
8.219.84.227,80,0,false,SIN,Asia Pacific,Singapore,6,0.00
47.240.11.186,80,0,false,HKG,Asia Pacific,Hong Kong,85,0.00
8.219.222.57,80,0,false,SIN,Asia Pacific,Singapore,21,0.00
47.245.92.11,80,0,false,SIN,Asia Pacific,Singapore,17,0.00
8.209.246.241,80,0,false,NRT,Asia Pacific,Tokyo,93,0.00
47.74.9.5,80,0,false,NRT,Asia Pacific,Tokyo,86,0.00
8.222.191.81,80,0,false,SIN,Asia Pacific,Singapore,7,0.00
47.88.104.114,80,0,false,SJC,North America,San Jose,177,0.00
47.254.14.50,80,0,false,SJC,North America,San Jose,181,0.00
47.89.209.125,80,0,false,SJC,North America,San Jose,173,0.00
47.236.13.101,80,0,false,SIN,Asia Pacific,Singapore,11,0.00
47.236.120.78,80,0,false,SIN,Asia Pacific,Singapore,60,0.00
8.211.168.133,80,0,false,NRT,Asia Pacific,Tokyo,73,0.00
8.213.132.108,8080,0,false,ICN,Asia Pacific,Seoul,86,0.00
47.251.48.219,80,0,false,SJC,North America,San Jose,177,0.00
8.218.229.119,80,0,false,HKG,Asia Pacific,Hong Kong,33,0.00
8.219.80.164,80,0,false,SIN,Asia Pacific,Singapore,215,0.00
47.251.48.219,80,0,false,SJC,North America,San Jose,173,0.00
47.251.58.176,80,0,false,SJC,North America,San Jose,177,0.00
47.253.85.248,80,0,false,IAD,North America,Ashburn,253,0.00
47.253.91.65,80,0,false,IAD,North America,Ashburn,243,0.00
47.253.90.104,80,0,false,IAD,North America,Ashburn,259,0.00
47.245.26.58,80,0,false,NRT,Asia Pacific,Tokyo,81,0.00
8.213.144.82,80,0,false,ICN,Asia Pacific,Seoul,69,0.00
47.89.157.230,80,0,false,IAD,North America,Ashburn,245,0.00
8.213.137.133,80,0,false,ICN,Asia Pacific,Seoul,69,0.00
47.243.201.231,80,0,false,HKG,Asia Pacific,Hong Kong,140,0.00
47.253.49.99,80,0,false,IAD,North America,Ashburn,233,0.00
47.253.94.26,80,0,false,IAD,North America,Ashburn,244,0.00
47.252.30.247,80,0,false,IAD,North America,Ashburn,257,0.00
47.242.226.197,80,0,false,HKG,Asia Pacific,Hong Kong,37,0.00
47.89.158.74,80,0,false,IAD,North America,Ashburn,243,0.00
47.253.92.36,80,0,false,IAD,North America,Ashburn,254,0.00
47.251.50.35,80,0,false,SJC,North America,San Jose,173,0.00
47.251.50.35,80,0,false,SJC,North America,San Jose,179,0.00
8.219.141.80,80,0,false,SIN,Asia Pacific,Singapore,10,0.00
47.253.58.67,80,0,false,IAD,North America,Ashburn,241,0.00
47.253.83.18,8080,0,false,IAD,North America,Ashburn,257,0.00
47.253.90.37,80,0,false,IAD,North America,Ashburn,243,0.00
47.90.165.243,80,0,false,IAD,North America,Ashburn,255,0.00
47.252.40.36,80,0,false,IAD,North America,Ashburn,229,0.00
47.89.137.209,80,0,false,IAD,North America,Ashburn,256,0.00
47.253.94.26,80,0,false,IAD,North America,Ashburn,237,0.00
47.253.91.65,80,0,false,IAD,North America,Ashburn,253,0.00
47.253.58.67,80,0,false,IAD,North America,Ashburn,248,0.00
47.253.98.133,80,0,false,IAD,North America,Ashburn,246,0.00
47.89.137.209,80,0,false,IAD,North America,Ashburn,252,0.00
47.89.158.74,80,0,false,IAD,North America,Ashburn,233,0.00
47.252.0.199,80,0,false,IAD,North America,Ashburn,243,0.00
47.245.101.45,80,0,false,SIN,Asia Pacific,Singapore,5,0.00
47.253.98.133,80,0,false,IAD,North America,Ashburn,248,0.00
8.218.229.119,80,0,false,HKG,Asia Pacific,Hong Kong,33,0.00
47.253.90.37,80,0,false,IAD,North America,Ashburn,270,0.00
47.253.90.104,80,0,false,IAD,North America,Ashburn,249,0.00
47.253.62.206,80,0,false,IAD,North America,Ashburn,244,0.00
47.253.83.18,8080,0,false,IAD,North America,Ashburn,253,0.00
47.253.62.206,80,0,false,IAD,North America,Ashburn,240,0.00
47.90.183.200,80,0,false,IAD,North America,Ashburn,233,0.00
47.253.85.248,80,0,false,IAD,North America,Ashburn,238,0.00
47.253.49.99,80,0,false,IAD,North America,Ashburn,247,0.00
47.89.157.230,80,0,false,IAD,North America,Ashburn,234,0.00
47.252.45.233,80,0,false,IAD,North America,Ashburn,263,0.00
8.222.248.181,80,0,false,SIN,Asia Pacific,Singapore,19,0.00
8.218.222.23,80,0,false,HKG,Asia Pacific,Hong Kong,43,0.00
8.217.53.235,80,0,false,HKG,Asia Pacific,Hong Kong,36,0.00
8.219.222.57,80,0,false,SIN,Asia Pacific,Singapore,25,0.00
47.252.45.233,80,0,false,IAD,North America,Ashburn,236,0.00
8.222.228.67,80,0,false,SIN,Asia Pacific,Singapore,8,0.00
149.129.85.67,80,0,false,HKG,Asia Pacific,Hong Kong,78,0.00
147.139.8.125,80,0,false,BOM,Asia Pacific,Mumbai,58,0.00
8.219.211.85,80,0,false,SIN,Asia Pacific,Singapore,14,0.00
47.243.51.104,80,0,false,HKG,Asia Pacific,Hong Kong,84,0.00
147.139.8.125,80,0,false,BOM,Asia Pacific,Mumbai,61,0.00
8.210.15.205,80,0,false,HKG,Asia Pacific,Hong Kong,80,0.00
47.242.126.93,80,0,false,HKG,Asia Pacific,Hong Kong,91,0.00
8.218.56.91,2082,0,false,HKG,Asia Pacific,Hong Kong,84,0.00
8.218.222.23,80,0,false,HKG,Asia Pacific,Hong Kong,36,0.00
8.219.197.243,80,0,false,SIN,Asia Pacific,Singapore,51,0.00
8.213.147.111,80,0,false,ICN,Asia Pacific,Seoul,67,0.00
8.222.204.136,80,0,false,SIN,Asia Pacific,Singapore,29,0.00
47.236.27.221,80,0,false,SIN,Asia Pacific,Singapore,23,0.00
8.217.3.165,2082,0,false,HKG,Asia Pacific,Hong Kong,38,0.00
8.210.215.57,80,0,false,HKG,Asia Pacific,Hong Kong,102,0.00
149.129.63.121,8080,0,false,SIN,Asia Pacific,Singapore,16,0.00
47.240.76.200,80,0,false,HKG,Asia Pacific,Hong Kong,39,0.00
8.222.197.177,80,0,false,SIN,Asia Pacific,Singapore,4,0.00
8.212.26.72,2095,0,false,HKG,Asia Pacific,Hong Kong,80,0.00
47.88.18.204,8080,0,false,SJC,North America,San Jose,173,0.00
8.212.26.41,2095,0,false,HKG,Asia Pacific,Hong Kong,42,0.00
8.217.157.57,8080,0,false,HKG,Asia Pacific,Hong Kong,96,0.00
8.222.191.81,80,0,false,SIN,Asia Pacific,Singapore,14,0.00
8.219.141.80,80,0,false,SIN,Asia Pacific,Singapore,14,0.00
8.222.214.189,80,0,false,SIN,Asia Pacific,Singapore,4,0.00
8.222.228.76,80,0,false,SIN,Asia Pacific,Singapore,9,0.00
47.242.32.45,80,0,false,HKG,Asia Pacific,Hong Kong,107,0.00
8.212.27.208,2086,0,false,HKG,Asia Pacific,Hong Kong,44,0.00
8.212.26.41,2086,0,false,HKG,Asia Pacific,Hong Kong,47,0.00
8.222.214.189,80,0,false,SIN,Asia Pacific,Singapore,13,0.00
149.129.63.121,8080,0,false,SIN,Asia Pacific,Singapore,43,0.00
8.212.27.208,2095,0,false,HKG,Asia Pacific,Hong Kong,37,0.00
8.212.26.72,2086,0,false,HKG,Asia Pacific,Hong Kong,87,0.00
47.242.224.156,80,0,false,HKG,Asia Pacific,Hong Kong,46,0.00
47.242.224.156,80,0,false,HKG,Asia Pacific,Hong Kong,83,0.00
8.222.137.147,80,0,false,SIN,Asia Pacific,Singapore,23,0.00
8.219.185.32,80,0,false,SIN,Asia Pacific,Singapore,4,0.00
8.210.132.4,80,0,false,HKG,Asia Pacific,Hong Kong,114,0.00
8.210.132.4,80,0,false,HKG,Asia Pacific,Hong Kong,79,0.00
8.219.185.32,80,0,false,SIN,Asia Pacific,Singapore,4,0.00
8.222.17.38,80,0,false,NRT,Asia Pacific,Tokyo,34,0.00
8.219.208.104,80,0,false,SIN,Asia Pacific,Singapore,21,0.00
47.236.114.23,2086,0,false,SIN,Asia Pacific,Singapore,3,0.00
8.219.0.162,2082,2082,false,SIN,Asia Pacific,Singapore,3,0.00
8.219.84.214,2052,2052,false,SIN,Asia Pacific,Singapore,3,0.00
8.219.53.222,2086,2086,false,SIN,Asia Pacific,Singapore,3,0.00
8.219.58.64,2086,2086,false,SIN,Asia Pacific,Singapore,3,0.00
8.219.60.54,80,80,false,SIN,Asia Pacific,Singapore,4,0.00
8.222.197.251,2082,2082,false,SIN,Asia Pacific,Singapore,4,0.00
47.236.130.95,2095,0,false,SIN,Asia Pacific,Singapore,4,0.00
47.236.144.196,2082,0,false,SIN,Asia Pacific,Singapore,4,0.00
47.236.125.62,8880,0,false,SIN,Asia Pacific,Singapore,4,0.00
8.219.40.255,2052,2052,false,SIN,Asia Pacific,Singapore,4,0.00
8.222.253.196,80,0,false,SIN,Asia Pacific,Singapore,4,0.00
8.222.199.55,2086,0,false,SIN,Asia Pacific,Singapore,5,0.00
8.219.83.201,8080,8080,false,SIN,Asia Pacific,Singapore,5,0.00
47.236.87.246,8080,0,false,SIN,Asia Pacific,Singapore,5,0.00
8.219.216.79,80,0,false,SIN,Asia Pacific,Singapore,5,0.00
8.222.244.123,2052,2052,false,SIN,Asia Pacific,Singapore,5,0.00
47.236.148.174,8443,0,true,SIN,Asia Pacific,Singapore,5,0.00
8.219.172.128,80,80,false,SIN,Asia Pacific,Singapore,5,0.00
8.219.55.31,8080,8080,false,SIN,Asia Pacific,Singapore,5,0.00
8.219.167.65,8880,8880,false,SIN,Asia Pacific,Singapore,6,0.00
8.219.82.177,2086,2086,false,SIN,Asia Pacific,Singapore,6,0.00
8.219.156.148,2086,2086,false,SIN,Asia Pacific,Singapore,6,0.00
8.219.123.11,2082,0,false,SIN,Asia Pacific,Singapore,6,0.00
8.222.224.17,2095,2095,false,SIN,Asia Pacific,Singapore,6,0.00
8.219.158.127,8080,0,false,SIN,Asia Pacific,Singapore,6,0.00
8.219.129.38,2082,2082,false,SIN,Asia Pacific,Singapore,6,0.00
8.219.73.21,8880,8880,false,SIN,Asia Pacific,Singapore,6,0.00
8.219.83.201,2052,2052,false,SIN,Asia Pacific,Singapore,6,0.00
8.219.242.208,2052,2052,false,SIN,Asia Pacific,Singapore,6,0.00
8.219.152.195,2086,2086,false,SIN,Asia Pacific,Singapore,6,0.00
8.219.111.147,80,80,false,SIN,Asia Pacific,Singapore,7,0.00
8.219.222.98,2052,2052,false,SIN,Asia Pacific,Singapore,7,0.00
8.222.226.15,2086,2086,false,SIN,Asia Pacific,Singapore,7,0.00
8.219.82.177,8880,8880,false,SIN,Asia Pacific,Singapore,7,0.00
8.219.93.85,80,80,false,SIN,Asia Pacific,Singapore,7,0.00
8.219.175.127,8080,8080,false,SIN,Asia Pacific,Singapore,7,0.00
8.222.237.131,2086,2086,false,SIN,Asia Pacific,Singapore,7,0.00
8.222.221.90,8080,8080,false,SIN,Asia Pacific,Singapore,7,0.00
8.219.111.147,8880,8880,false,SIN,Asia Pacific,Singapore,7,0.00
8.219.100.168,80,80,false,SIN,Asia Pacific,Singapore,7,0.00
8.219.106.15,2052,2052,false,SIN,Asia Pacific,Singapore,7,0.00
8.219.186.189,80,80,false,SIN,Asia Pacific,Singapore,7,0.00
8.219.140.229,2052,2052,false,SIN,Asia Pacific,Singapore,7,0.00
8.222.253.235,8080,8080,false,SIN,Asia Pacific,Singapore,7,0.00
8.219.111.147,8080,8080,false,SIN,Asia Pacific,Singapore,7,0.00
8.222.164.209,80,80,false,SIN,Asia Pacific,Singapore,8,0.00
8.219.213.133,8080,8080,false,SIN,Asia Pacific,Singapore,8,0.00
8.219.110.88,2086,2086,false,SIN,Asia Pacific,Singapore,8,0.00
8.219.110.88,8880,8880,false,SIN,Asia Pacific,Singapore,8,0.00
8.222.248.188,80,80,false,SIN,Asia Pacific,Singapore,8,0.00
8.219.210.93,2052,2052,false,SIN,Asia Pacific,Singapore,8,0.00
8.219.167.65,2086,2086,false,SIN,Asia Pacific,Singapore,8,0.00
8.219.157.97,2052,2052,false,SIN,Asia Pacific,Singapore,8,0.00
8.219.84.102,80,80,false,SIN,Asia Pacific,Singapore,8,0.00
8.222.193.208,2082,2082,false,SIN,Asia Pacific,Singapore,9,0.00
8.219.204.120,2052,2052,false,SIN,Asia Pacific,Singapore,9,0.00
8.219.72.51,2095,2095,false,SIN,Asia Pacific,Singapore,9,0.00
8.222.211.124,2086,2086,false,SIN,Asia Pacific,Singapore,9,0.00
8.219.237.250,2086,2086,false,SIN,Asia Pacific,Singapore,9,0.00
8.219.82.35,80,80,false,SIN,Asia Pacific,Singapore,9,0.00
8.219.195.47,80,80,false,SIN,Asia Pacific,Singapore,9,0.00
8.219.55.31,2052,2052,false,SIN,Asia Pacific,Singapore,9,0.00
8.219.222.8,2082,2082,false,SIN,Asia Pacific,Singapore,9,0.00
8.219.104.242,2052,2052,false,SIN,Asia Pacific,Singapore,9,0.00
8.219.239.79,8880,0,false,SIN,Asia Pacific,Singapore,9,0.00
8.219.122.96,8080,8080,false,SIN,Asia Pacific,Singapore,9,0.00
8.219.235.164,80,80,false,SIN,Asia Pacific,Singapore,9,0.00
8.219.72.50,8880,8880,false,SIN,Asia Pacific,Singapore,10,0.00
8.219.193.97,2095,0,false,SIN,Asia Pacific,Singapore,10,0.00
8.222.212.255,8080,0,false,SIN,Asia Pacific,Singapore,10,0.00
8.219.233.6,2082,2082,false,SIN,Asia Pacific,Singapore,10,0.00
8.222.255.15,8080,8080,false,SIN,Asia Pacific,Singapore,10,0.00
8.219.200.178,80,0,false,SIN,Asia Pacific,Singapore,10,0.00
8.219.239.79,2052,0,false,SIN,Asia Pacific,Singapore,10,0.00
8.219.3.53,8880,8880,false,SIN,Asia Pacific,Singapore,10,0.00
8.219.193.22,2082,2082,false,SIN,Asia Pacific,Singapore,10,0.00
8.219.153.44,2082,2082,false,SIN,Asia Pacific,Singapore,10,0.00
8.219.239.79,2095,0,false,SIN,Asia Pacific,Singapore,10,0.00
8.219.142.229,8080,8080,false,SIN,Asia Pacific,Singapore,10,0.00
8.219.72.50,8880,8880,false,SIN,Asia Pacific,Singapore,10,0.00
8.219.213.112,80,80,false,SIN,Asia Pacific,Singapore,10,0.00
8.219.167.113,2052,2052,false,SIN,Asia Pacific,Singapore,10,0.00
8.219.77.91,2095,2095,false,SIN,Asia Pacific,Singapore,10,0.00
8.219.2.232,80,0,false,SIN,Asia Pacific,Singapore,10,0.00
47.236.75.113,2087,0,true,SIN,Asia Pacific,Singapore,11,0.00
8.219.110.248,2086,0,false,SIN,Asia Pacific,Singapore,11,0.00
8.219.100.155,2052,2052,false,SIN,Asia Pacific,Singapore,11,0.00
8.219.235.164,8080,8080,false,SIN,Asia Pacific,Singapore,11,0.00
8.219.233.6,2095,2095,false,SIN,Asia Pacific,Singapore,11,0.00
8.219.199.70,80,0,false,SIN,Asia Pacific,Singapore,11,0.00
8.219.170.232,2086,2086,false,SIN,Asia Pacific,Singapore,11,0.00
8.219.156.148,8880,8880,false,SIN,Asia Pacific,Singapore,11,0.00
47.236.120.9,2086,0,false,SIN,Asia Pacific,Singapore,11,0.00
8.222.249.190,8880,8880,false,SIN,Asia Pacific,Singapore,11,0.00
8.219.106.15,8080,8080,false,SIN,Asia Pacific,Singapore,11,0.00
47.236.144.48,2086,2086,false,SIN,Asia Pacific,Singapore,11,0.00
47.236.120.9,8880,0,false,SIN,Asia Pacific,Singapore,11,0.00
8.219.77.91,2086,2086,false,SIN,Asia Pacific,Singapore,12,0.00
8.222.223.34,80,80,false,SIN,Asia Pacific,Singapore,12,0.00
8.219.170.223,80,80,false,SIN,Asia Pacific,Singapore,12,0.00
8.219.106.15,2082,2082,false,SIN,Asia Pacific,Singapore,12,0.00
8.219.142.191,2082,2082,false,SIN,Asia Pacific,Singapore,12,0.00
8.222.236.229,80,80,false,SIN,Asia Pacific,Singapore,12,0.00
8.219.245.187,8880,8880,false,SIN,Asia Pacific,Singapore,12,0.00
8.219.200.178,2082,0,false,SIN,Asia Pacific,Singapore,12,0.00
47.245.126.151,8080,8080,false,SIN,Asia Pacific,Singapore,12,0.00
8.219.251.81,8880,8880,false,SIN,Asia Pacific,Singapore,13,0.00
8.219.242.208,8080,8080,false,SIN,Asia Pacific,Singapore,13,0.00
8.222.214.13,80,80,false,SIN,Asia Pacific,Singapore,14,0.00
8.219.153.253,2052,0,false,SIN,Asia Pacific,Singapore,14,0.00
8.222.167.147,2095,2095,false,SIN,Asia Pacific,Singapore,14,0.00
8.222.138.164,8880,8880,false,SIN,Asia Pacific,Singapore,14,0.00
8.222.138.164,8880,8880,false,SIN,Asia Pacific,Singapore,14,0.00
8.222.237.131,2082,2082,false,SIN,Asia Pacific,Singapore,14,0.00
47.236.144.208,8880,8880,false,SIN,Asia Pacific,Singapore,14,0.00
8.222.136.196,2052,2052,false,SIN,Asia Pacific,Singapore,14,0.00
8.222.252.150,80,80,false,SIN,Asia Pacific,Singapore,14,0.00
8.219.158.127,8080,0,false,SIN,Asia Pacific,Singapore,14,0.00
8.219.61.52,2083,2083,true,SIN,Asia Pacific,Singapore,14,0.00
8.219.186.189,8080,8080,false,SIN,Asia Pacific,Singapore,14,0.00
147.139.209.246,80,0,false,SIN,Asia Pacific,Singapore,15,0.00
8.219.213.133,2095,2095,false,SIN,Asia Pacific,Singapore,15,0.00
8.219.197.111,80,80,false,SIN,Asia Pacific,Singapore,15,0.00
47.236.104.98,8880,8880,false,SIN,Asia Pacific,Singapore,15,0.00
8.219.179.34,2082,2082,false,SIN,Asia Pacific,Singapore,15,0.00
8.222.224.17,2086,2086,false,SIN,Asia Pacific,Singapore,15,0.00
47.245.107.174,2086,2086,false,SIN,Asia Pacific,Singapore,15,0.00
47.236.114.23,2095,2095,false,SIN,Asia Pacific,Singapore,15,0.00
8.222.145.164,8080,8080,false,SIN,Asia Pacific,Singapore,15,0.00
8.222.147.203,8080,8080,false,SIN,Asia Pacific,Singapore,15,0.00
47.236.99.131,2053,0,true,SIN,Asia Pacific,Singapore,15,0.00
8.219.216.79,80,0,false,SIN,Asia Pacific,Singapore,16,0.00
8.219.210.226,2086,2086,false,SIN,Asia Pacific,Singapore,16,0.00
8.219.210.93,8880,8880,false,SIN,Asia Pacific,Singapore,16,0.00
8.219.13.143,8080,8080,false,SIN,Asia Pacific,Singapore,16,0.00
8.219.239.79,2052,0,false,SIN,Asia Pacific,Singapore,16,0.00
8.219.193.22,2095,2095,false,SIN,Asia Pacific,Singapore,16,0.00
8.219.104.242,8080,8080,false,SIN,Asia Pacific,Singapore,16,0.00
8.219.93.85,8080,8080,false,SIN,Asia Pacific,Singapore,17,0.00
8.222.164.209,2095,2095,false,SIN,Asia Pacific,Singapore,17,0.00
8.222.248.188,2052,2052,false,SIN,Asia Pacific,Singapore,18,0.00
8.219.140.63,2086,2086,false,SIN,Asia Pacific,Singapore,18,0.00
8.219.250.239,80,80,false,SIN,Asia Pacific,Singapore,18,0.00
8.219.213.112,2082,2082,false,SIN,Asia Pacific,Singapore,18,0.00
47.236.99.131,2095,2095,false,SIN,Asia Pacific,Singapore,18,0.00
47.236.94.113,80,80,false,SIN,Asia Pacific,Singapore,18,0.00
8.222.252.150,8080,8080,false,SIN,Asia Pacific,Singapore,18,0.00
47.236.104.98,2095,2095,false,SIN,Asia Pacific,Singapore,18,0.00
47.236.145.180,2082,2082,false,SIN,Asia Pacific,Singapore,18,0.00
47.236.144.156,8880,8880,false,SIN,Asia Pacific,Singapore,19,0.00
8.219.151.193,80,80,false,SIN,Asia Pacific,Singapore,19,0.00
8.219.73.21,2086,2086,false,SIN,Asia Pacific,Singapore,19,0.00
8.219.178.101,8080,8080,false,SIN,Asia Pacific,Singapore,19,0.00
47.236.130.95,8080,8080,false,SIN,Asia Pacific,Singapore,19,0.00
8.219.220.122,2052,2052,false,SIN,Asia Pacific,Singapore,20,0.00
8.219.220.88,2082,2082,false,SIN,Asia Pacific,Singapore,20,0.00
8.219.126.240,8080,8080,false,SIN,Asia Pacific,Singapore,20,0.00
47.245.114.163,2095,2095,false,SIN,Asia Pacific,Singapore,20,0.00
8.219.103.126,2052,2052,false,SIN,Asia Pacific,Singapore,20,0.00
8.219.178.9,2086,2086,false,SIN,Asia Pacific,Singapore,20,0.00
8.222.145.110,2052,2052,false,SIN,Asia Pacific,Singapore,20,0.00
8.219.220.122,8880,8880,false,SIN,Asia Pacific,Singapore,20,0.00
47.236.150.109,2052,2052,false,SIN,Asia Pacific,Singapore,20,0.00
8.219.204.120,80,80,false,SIN,Asia Pacific,Singapore,20,0.00
47.236.121.7,8080,8080,false,SIN,Asia Pacific,Singapore,20,0.00
8.222.164.209,8080,8080,false,SIN,Asia Pacific,Singapore,20,0.00
8.222.175.78,8080,8080,false,SIN,Asia Pacific,Singapore,21,0.00
8.222.145.43,8080,0,false,SIN,Asia Pacific,Singapore,21,0.00
47.236.235.61,8080,0,false,SIN,Asia Pacific,Singapore,21,0.00
47.236.144.196,80,80,false,SIN,Asia Pacific,Singapore,21,0.00
8.219.178.101,8880,8880,false,SIN,Asia Pacific,Singapore,22,0.00
8.219.156.148,2052,2052,false,SIN,Asia Pacific,Singapore,22,0.00
47.241.173.60,80,0,false,SIN,Asia Pacific,Singapore,22,0.00
47.236.121.7,80,80,false,SIN,Asia Pacific,Singapore,22,0.00
47.236.99.131,2082,2082,false,SIN,Asia Pacific,Singapore,22,0.00
47.236.130.95,2086,2086,false,SIN,Asia Pacific,Singapore,22,0.00
47.236.117.48,2086,2086,false,SIN,Asia Pacific,Singapore,22,0.00
47.236.144.156,8080,8080,false,SIN,Asia Pacific,Singapore,22,0.00
8.219.213.133,80,80,false,SIN,Asia Pacific,Singapore,23,0.00
8.222.155.242,8080,8080,false,SIN,Asia Pacific,Singapore,23,0.00
47.236.121.7,2052,2052,false,SIN,Asia Pacific,Singapore,23,0.00
47.236.144.156,2086,0,false,SIN,Asia Pacific,Singapore,23,0.00
47.236.148.174,2086,2086,false,SIN,Asia Pacific,Singapore,23,0.00
8.219.154.107,8880,8880,false,SIN,Asia Pacific,Singapore,23,0.00
47.236.104.141,80,0,false,SIN,Asia Pacific,Singapore,23,0.00
47.236.65.177,8880,8880,false,SIN,Asia Pacific,Singapore,23,0.00
47.236.130.3,80,0,false,SIN,Asia Pacific,Singapore,23,0.00
47.236.87.246,2095,2095,false,SIN,Asia Pacific,Singapore,23,0.00
47.236.120.9,2052,0,false,SIN,Asia Pacific,Singapore,23,0.00
8.219.195.47,2052,2052,false,SIN,Asia Pacific,Singapore,23,0.00
47.236.79.77,8880,0,false,SIN,Asia Pacific,Singapore,23,0.00
47.236.87.206,2086,2086,false,SIN,Asia Pacific,Singapore,24,0.00
47.236.97.90,2086,2086,false,SIN,Asia Pacific,Singapore,24,0.00
8.222.211.16,2082,2082,false,SIN,Asia Pacific,Singapore,24,0.00
8.219.106.156,2052,2052,false,SIN,Asia Pacific,Singapore,25,0.00
8.219.213.84,80,80,false,SIN,Asia Pacific,Singapore,25,0.00
47.241.173.60,80,0,false,SIN,Asia Pacific,Singapore,25,0.00
47.236.75.113,8080,8080,false,SIN,Asia Pacific,Singapore,25,0.00
47.236.144.208,80,80,false,SIN,Asia Pacific,Singapore,25,0.00
47.236.119.253,8880,8880,false,SIN,Asia Pacific,Singapore,26,0.00
47.236.145.85,2086,2086,false,SIN,Asia Pacific,Singapore,26,0.00
47.236.145.85,2082,2082,false,SIN,Asia Pacific,Singapore,26,0.00
47.236.130.95,2082,2082,false,SIN,Asia Pacific,Singapore,27,0.00
47.236.120.9,2086,0,false,SIN,Asia Pacific,Singapore,27,0.00
47.236.145.85,2052,2052,false,SIN,Asia Pacific,Singapore,28,0.00
8.219.99.8,80,80,false,SIN,Asia Pacific,Singapore,28,0.00
47.236.144.156,2052,2052,false,SIN,Asia Pacific,Singapore,28,0.00
47.236.145.180,8880,8880,false,SIN,Asia Pacific,Singapore,29,0.00
8.219.213.112,2095,2095,false,SIN,Asia Pacific,Singapore,29,0.00
8.219.248.170,8080,8080,false,SIN,Asia Pacific,Singapore,29,0.00
8.219.248.47,8880,8880,false,SIN,Asia Pacific,Singapore,29,0.00
47.236.226.16,443,0,false,SIN,Asia Pacific,Singapore,29,0.00
8.222.198.105,2082,2082,false,SIN,Asia Pacific,Singapore,29,0.00
47.236.119.253,2082,2082,false,SIN,Asia Pacific,Singapore,30,0.00
8.219.230.254,8080,8080,false,SIN,Asia Pacific,Singapore,30,0.00
47.236.104.98,8880,8880,false,SIN,Asia Pacific,Singapore,30,0.00
47.236.120.78,80,0,false,SIN,Asia Pacific,Singapore,30,0.00
47.236.99.59,2095,0,false,SIN,Asia Pacific,Singapore,31,0.00
47.236.119.253,2052,2052,false,SIN,Asia Pacific,Singapore,31,0.00
47.236.99.131,8880,8880,false,SIN,Asia Pacific,Singapore,31,0.00
47.236.83.196,2082,2082,false,SIN,Asia Pacific,Singapore,31,0.00
47.236.125.62,2095,2095,false,SIN,Asia Pacific,Singapore,31,0.00
8.219.242.208,2086,2086,false,SIN,Asia Pacific,Singapore,32,0.00
47.242.17.250,443,443,true,HKG,Asia Pacific,Hong Kong,32,0.00
47.236.104.141,80,0,false,SIN,Asia Pacific,Singapore,32,0.00
47.236.150.109,2095,2095,false,SIN,Asia Pacific,Singapore,32,0.00
8.212.26.41,8880,0,false,HKG,Asia Pacific,Hong Kong,32,0.00
47.236.83.239,80,80,false,SIN,Asia Pacific,Singapore,33,0.00
8.217.221.165,443,443,true,HKG,Asia Pacific,Hong Kong,33,0.00
8.219.170.180,8880,8880,false,SIN,Asia Pacific,Singapore,33,0.00
8.222.198.105,80,80,false,SIN,Asia Pacific,Singapore,33,0.00
8.218.181.189,2082,0,false,HKG,Asia Pacific,Hong Kong,33,0.00
8.217.167.88,2096,2096,true,HKG,Asia Pacific,Hong Kong,33,0.00
8.218.136.25,2053,2053,true,HKG,Asia Pacific,Hong Kong,33,0.00
8.217.167.88,2053,0,true,HKG,Asia Pacific,Hong Kong,33,0.00
47.236.4.129,2082,2082,false,SIN,Asia Pacific,Singapore,34,0.00
8.218.136.25,8080,8080,false,HKG,Asia Pacific,Hong Kong,34,0.00
8.217.207.60,8080,0,false,HKG,Asia Pacific,Hong Kong,34,0.00
8.213.193.170,80,0,false,SIN,Asia Pacific,Singapore,34,0.00
47.242.91.219,80,0,false,HKG,Asia Pacific,Hong Kong,34,0.00
8.218.146.204,80,80,false,HKG,Asia Pacific,Hong Kong,35,0.00
47.76.32.21,80,0,false,HKG,Asia Pacific,Hong Kong,35,0.00
8.218.158.94,2095,2095,false,HKG,Asia Pacific,Hong Kong,35,0.00
8.210.65.1,8880,8880,false,HKG,Asia Pacific,Hong Kong,35,0.00
47.242.91.219,80,0,false,HKG,Asia Pacific,Hong Kong,35,0.00
8.210.39.96,2082,2082,false,HKG,Asia Pacific,Hong Kong,35,0.00
8.217.248.220,443,0,true,HKG,Asia Pacific,Hong Kong,35,0.00
8.217.88.211,80,0,false,HKG,Asia Pacific,Hong Kong,35,0.00
8.219.178.9,80,80,false,SIN,Asia Pacific,Singapore,36,0.00
8.222.130.137,8080,8080,false,SIN,Asia Pacific,Singapore,36,0.00
47.236.117.48,2052,2052,false,SIN,Asia Pacific,Singapore,36,0.00
47.76.82.101,80,0,false,HKG,Asia Pacific,Hong Kong,36,0.00
8.219.179.34,2086,2086,false,SIN,Asia Pacific,Singapore,36,0.00
8.218.126.53,2086,2086,false,HKG,Asia Pacific,Hong Kong,36,0.00
8.218.149.193,443,443,true,HKG,Asia Pacific,Hong Kong,36,0.00
47.236.4.129,2086,2086,false,SIN,Asia Pacific,Singapore,36,0.00
8.219.72.51,80,80,false,SIN,Asia Pacific,Singapore,36,0.00
8.218.211.17,2096,2096,true,HKG,Asia Pacific,Hong Kong,36,0.00
47.236.144.196,2086,2086,false,SIN,Asia Pacific,Singapore,36,0.00
47.243.162.49,2052,2052,false,HKG,Asia Pacific,Hong Kong,36,0.00
8.218.149.193,2086,0,false,HKG,Asia Pacific,Hong Kong,37,0.00
47.236.7.13,2082,2082,false,SIN,Asia Pacific,Singapore,37,0.00
47.236.83.239,2082,2082,false,SIN,Asia Pacific,Singapore,37,0.00
47.236.99.131,2052,2052,false,SIN,Asia Pacific,Singapore,37,0.00
47.236.11.84,80,80,false,SIN,Asia Pacific,Singapore,37,0.00
47.236.120.9,2052,0,false,SIN,Asia Pacific,Singapore,37,0.00
47.236.148.174,2052,2052,false,SIN,Asia Pacific,Singapore,37,0.00
47.76.80.72,2086,2086,false,HKG,Asia Pacific,Hong Kong,37,0.00
47.52.172.167,80,0,false,HKG,Asia Pacific,Hong Kong,37,0.00
47.236.121.7,2095,2095,false,SIN,Asia Pacific,Singapore,38,0.00
47.242.60.161,443,443,true,HKG,Asia Pacific,Hong Kong,38,0.00
47.236.15.73,2095,2095,false,SIN,Asia Pacific,Singapore,38,0.00
8.218.188.129,443,0,true,HKG,Asia Pacific,Hong Kong,38,0.00
47.236.65.177,2095,2095,false,SIN,Asia Pacific,Singapore,38,0.00
8.210.253.224,80,0,false,HKG,Asia Pacific,Hong Kong,38,0.00
8.218.119.115,2082,2082,false,HKG,Asia Pacific,Hong Kong,38,0.00
47.76.32.108,8880,0,false,HKG,Asia Pacific,Hong Kong,38,0.00
8.218.149.193,2053,2053,true,HKG,Asia Pacific,Hong Kong,38,0.00
47.236.75.113,2095,2095,false,SIN,Asia Pacific,Singapore,38,0.00
47.76.37.57,2096,0,true,HKG,Asia Pacific,Hong Kong,38,0.00
47.236.65.177,2086,2086,false,SIN,Asia Pacific,Singapore,39,0.00
47.243.173.187,8080,0,false,HKG,Asia Pacific,Hong Kong,39,0.00
47.236.4.129,2052,2052,false,SIN,Asia Pacific,Singapore,39,0.00
8.218.201.73,2086,2086,false,HKG,Asia Pacific,Hong Kong,40,0.00
8.217.167.88,8443,8443,true,HKG,Asia Pacific,Hong Kong,40,0.00
8.212.43.8,443,0,true,SJC,North America,San Jose,40,0.00
8.218.127.249,8443,8443,true,HKG,Asia Pacific,Hong Kong,40,0.00
8.218.201.73,2096,2096,true,HKG,Asia Pacific,Hong Kong,40,0.00
8.218.136.25,2083,2083,true,HKG,Asia Pacific,Hong Kong,40,0.00
47.242.59.216,8880,8880,false,HKG,Asia Pacific,Hong Kong,40,0.00
8.218.105.223,80,80,false,HKG,Asia Pacific,Hong Kong,41,0.00
8.218.188.129,2096,0,true,HKG,Asia Pacific,Hong Kong,41,0.00
8.210.117.18,2086,2086,false,HKG,Asia Pacific,Hong Kong,41,0.00
47.76.37.57,2052,0,false,HKG,Asia Pacific,Hong Kong,41,0.00
8.218.127.249,2095,0,false,HKG,Asia Pacific,Hong Kong,41,0.00
8.218.156.91,2052,2052,false,HKG,Asia Pacific,Hong Kong,41,0.00
47.242.234.127,443,443,true,HKG,Asia Pacific,Hong Kong,41,0.00
47.236.82.218,8880,8880,false,SIN,Asia Pacific,Singapore,41,0.00
8.219.172.128,2086,2086,false,SIN,Asia Pacific,Singapore,41,0.00
8.218.158.94,2096,2096,true,HKG,Asia Pacific,Hong Kong,41,0.00
47.236.94.113,2086,2086,false,SIN,Asia Pacific,Singapore,41,0.00
47.76.80.72,8080,0,false,HKG,Asia Pacific,Hong Kong,42,0.00
8.217.149.28,8080,0,false,HKG,Asia Pacific,Hong Kong,42,0.00
47.243.179.249,2095,0,false,HKG,Asia Pacific,Hong Kong,42,0.00
8.218.158.94,443,443,true,HKG,Asia Pacific,Hong Kong,42,0.00
47.236.130.95,2082,0,false,SIN,Asia Pacific,Singapore,42,0.00
47.243.173.187,2095,2095,false,HKG,Asia Pacific,Hong Kong,42,0.00
47.236.87.246,2086,2086,false,SIN,Asia Pacific,Singapore,42,0.00
47.236.104.98,2052,2052,false,SIN,Asia Pacific,Singapore,42,0.00
47.236.7.246,2095,2095,false,SIN,Asia Pacific,Singapore,42,0.00
8.219.56.244,8880,0,false,SIN,Asia Pacific,Singapore,42,0.00
8.212.26.72,2082,0,false,HKG,Asia Pacific,Hong Kong,43,0.00
47.236.97.254,8080,8080,false,SIN,Asia Pacific,Singapore,43,0.00
47.236.28.170,8880,0,false,SIN,Asia Pacific,Singapore,43,0.00
8.218.149.193,8080,8080,false,HKG,Asia Pacific,Hong Kong,43,0.00
47.236.120.9,8080,0,false,SIN,Asia Pacific,Singapore,43,0.00
8.212.26.41,2082,0,false,HKG,Asia Pacific,Hong Kong,43,0.00
47.236.114.23,2095,2095,false,SIN,Asia Pacific,Singapore,43,0.00
8.219.237.250,8080,8080,false,SIN,Asia Pacific,Singapore,43,0.00
47.236.99.59,2095,0,false,SIN,Asia Pacific,Singapore,44,0.00
47.242.59.216,2096,2096,true,HKG,Asia Pacific,Hong Kong,44,0.00
47.236.104.98,8080,8080,false,SIN,Asia Pacific,Singapore,44,0.00
8.210.21.65,80,0,false,HKG,Asia Pacific,Hong Kong,44,0.00
47.236.145.180,80,80,false,SIN,Asia Pacific,Singapore,44,0.00
47.236.28.170,8080,0,false,SIN,Asia Pacific,Singapore,44,0.00
8.217.49.34,8080,8080,false,HKG,Asia Pacific,Hong Kong,44,0.00
8.217.149.28,2086,2086,false,HKG,Asia Pacific,Hong Kong,44,0.00
47.236.13.101,80,0,false,SIN,Asia Pacific,Singapore,45,0.00
8.218.149.193,2082,2082,false,HKG,Asia Pacific,Hong Kong,45,0.00
8.210.39.96,2086,2086,false,HKG,Asia Pacific,Hong Kong,45,0.00
47.243.162.49,8880,8880,false,HKG,Asia Pacific,Hong Kong,45,0.00
47.236.79.77,2086,2086,false,SIN,Asia Pacific,Singapore,45,0.00
47.236.97.254,2082,2082,false,SIN,Asia Pacific,Singapore,46,0.00
8.218.105.223,2053,2053,true,HKG,Asia Pacific,Hong Kong,46,0.00
8.218.188.129,8443,8443,true,HKG,Asia Pacific,Hong Kong,47,0.00
47.236.5.223,2095,2095,false,SIN,Asia Pacific,Singapore,47,0.00
47.243.179.249,8080,0,false,HKG,Asia Pacific,Hong Kong,47,0.00
8.218.136.25,2052,0,false,HKG,Asia Pacific,Hong Kong,47,0.00
47.236.114.167,2095,2095,false,SIN,Asia Pacific,Singapore,47,0.00
147.139.209.246,80,0,false,SIN,Asia Pacific,Singapore,48,0.00
47.236.94.109,8080,0,false,SIN,Asia Pacific,Singapore,48,0.00
47.236.7.246,2052,2052,false,SIN,Asia Pacific,Singapore,48,0.00
8.218.188.129,2083,2083,true,HKG,Asia Pacific,Hong Kong,48,0.00
8.217.251.62,2087,2087,true,HKG,Asia Pacific,Hong Kong,49,0.00
47.236.130.95,80,0,false,SIN,Asia Pacific,Singapore,49,0.00
47.76.37.57,8880,0,false,HKG,Asia Pacific,Hong Kong,49,0.00
47.236.83.196,8080,8080,false,SIN,Asia Pacific,Singapore,50,0.00
47.236.79.77,8080,8080,false,SIN,Asia Pacific,Singapore,50,0.00
8.217.164.10,443,443,true,HKG,Asia Pacific,Hong Kong,50,0.00
47.243.86.79,80,80,false,HKG,Asia Pacific,Hong Kong,50,0.00
8.218.143.10,2083,2083,true,HKG,Asia Pacific,Hong Kong,50,0.00
47.236.144.208,2082,2082,false,SIN,Asia Pacific,Singapore,51,0.00
47.236.145.180,8080,0,false,SIN,Asia Pacific,Singapore,51,0.00
47.236.148.174,8080,8080,false,SIN,Asia Pacific,Singapore,51,0.00
8.219.222.8,8080,8080,false,SIN,Asia Pacific,Singapore,52,0.00
8.218.156.91,2082,2082,false,HKG,Asia Pacific,Hong Kong,53,0.00
47.236.144.196,2052,0,false,SIN,Asia Pacific,Singapore,53,0.00
8.218.134.170,80,0,false,HKG,Asia Pacific,Hong Kong,54,0.00
8.218.146.204,8880,0,false,HKG,Asia Pacific,Hong Kong,54,0.00
47.236.79.77,2082,2082,false,SIN,Asia Pacific,Singapore,55,0.00
8.218.204.128,2095,2095,false,HKG,Asia Pacific,Hong Kong,55,0.00
8.218.174.118,2087,2087,true,HKG,Asia Pacific,Hong Kong,56,0.00
8.218.156.91,2095,2095,false,HKG,Asia Pacific,Hong Kong,56,0.00
8.217.91.121,2096,2096,true,HKG,Asia Pacific,Hong Kong,57,0.00
47.236.117.48,80,80,false,SIN,Asia Pacific,Singapore,57,0.00
47.236.116.26,2096,0,true,SIN,Asia Pacific,Singapore,57,0.00
8.222.219.34,2082,2082,false,SIN,Asia Pacific,Singapore,59,0.00
47.243.183.127,2052,2052,false,HKG,Asia Pacific,Hong Kong,60,0.00
8.219.122.96,2083,2083,true,SIN,Asia Pacific,Singapore,60,0.00
47.236.7.206,8080,8080,false,SIN,Asia Pacific,Singapore,60,0.00
8.219.101.138,2053,2053,true,SIN,Asia Pacific,Singapore,61,0.00
47.236.117.48,2095,2095,false,SIN,Asia Pacific,Singapore,61,0.00
47.236.123.133,8080,8080,false,SIN,Asia Pacific,Singapore,62,0.00
8.219.175.127,2087,2087,true,SIN,Asia Pacific,Singapore,63,0.00
47.236.119.253,2082,2082,false,SIN,Asia Pacific,Singapore,64,0.00
47.236.87.206,8880,8880,false,SIN,Asia Pacific,Singapore,64,0.00
47.242.54.157,8080,8080,false,HKG,Asia Pacific,Hong Kong,65,0.00
8.217.91.121,2053,2053,true,HKG,Asia Pacific,Hong Kong,65,0.00
8.213.137.133,80,0,false,ICN,Asia Pacific,Seoul,66,0.00
8.213.132.108,8080,0,false,ICN,Asia Pacific,Seoul,66,0.00
47.236.144.48,2082,2082,false,SIN,Asia Pacific,Singapore,67,0.00
47.236.87.246,2082,2082,false,SIN,Asia Pacific,Singapore,67,0.00
47.236.117.48,2095,2095,false,SIN,Asia Pacific,Singapore,68,0.00
47.236.114.167,8880,8880,false,SIN,Asia Pacific,Singapore,70,0.00
8.213.147.111,80,0,false,ICN,Asia Pacific,Seoul,71,0.00
47.236.103.153,2082,0,false,SIN,Asia Pacific,Singapore,71,0.00
47.236.7.206,2087,0,true,SIN,Asia Pacific,Singapore,71,0.00
8.218.65.237,2083,2083,true,HKG,Asia Pacific,Hong Kong,72,0.00
8.218.3.12,8443,0,true,HKG,Asia Pacific,Hong Kong,72,0.00
47.236.94.113,2095,0,false,SIN,Asia Pacific,Singapore,72,0.00
47.236.28.170,80,0,false,SIN,Asia Pacific,Singapore,73,0.00
47.91.22.34,2087,2087,true,NRT,Asia Pacific,Tokyo,73,0.00
47.91.21.127,2086,2086,false,NRT,Asia Pacific,Tokyo,73,0.00
47.245.37.41,2053,0,true,NRT,Asia Pacific,Tokyo,73,0.00
47.91.3.135,80,0,false,NRT,Asia Pacific,Tokyo,73,0.00
47.236.104.11,8880,0,false,SIN,Asia Pacific,Singapore,73,0.00
47.91.29.174,2086,0,false,NRT,Asia Pacific,Tokyo,74,0.00
47.91.22.34,80,80,false,NRT,Asia Pacific,Tokyo,74,0.00
47.91.23.108,8080,0,false,NRT,Asia Pacific,Tokyo,74,0.00
47.91.14.62,2052,0,false,NRT,Asia Pacific,Tokyo,74,0.00
47.91.22.66,2086,0,false,NRT,Asia Pacific,Tokyo,74,0.00
8.219.201.8,2087,2087,true,SIN,Asia Pacific,Singapore,74,0.00
47.245.32.215,2087,0,true,NRT,Asia Pacific,Tokyo,74,0.00
47.236.11.84,2086,2086,false,SIN,Asia Pacific,Singapore,74,0.00
47.236.94.113,8880,8880,false,SIN,Asia Pacific,Singapore,74,0.00
47.91.18.207,8080,8080,false,NRT,Asia Pacific,Tokyo,74,0.00
47.236.82.218,2052,2052,false,SIN,Asia Pacific,Singapore,75,0.00
47.91.29.108,8080,8080,false,NRT,Asia Pacific,Tokyo,75,0.00
47.91.31.231,2087,2087,true,NRT,Asia Pacific,Tokyo,75,0.00
8.219.154.107,2053,2053,true,SIN,Asia Pacific,Singapore,75,0.00
47.245.40.161,2087,0,true,NRT,Asia Pacific,Tokyo,75,0.00
47.91.19.249,8880,0,false,NRT,Asia Pacific,Tokyo,75,0.00
47.245.7.212,2082,0,false,NRT,Asia Pacific,Tokyo,75,0.00
8.213.136.154,80,0,false,ICN,Asia Pacific,Seoul,76,0.00
47.91.16.198,2082,2082,false,NRT,Asia Pacific,Tokyo,76,0.00
47.91.3.112,8080,0,false,NRT,Asia Pacific,Tokyo,76,0.00
8.219.185.191,2096,2096,true,SIN,Asia Pacific,Singapore,76,0.00
47.91.10.228,8880,8880,false,NRT,Asia Pacific,Tokyo,76,0.00
47.245.34.140,2053,0,true,NRT,Asia Pacific,Tokyo,76,0.00
47.245.33.56,8443,0,true,NRT,Asia Pacific,Tokyo,76,0.00
47.236.7.206,2095,2095,false,SIN,Asia Pacific,Singapore,76,0.00
47.91.23.146,2083,0,true,NRT,Asia Pacific,Tokyo,76,0.00
47.91.1.199,2052,0,false,NRT,Asia Pacific,Tokyo,76,0.00
47.245.41.69,2087,0,true,NRT,Asia Pacific,Tokyo,76,0.00
8.212.26.41,8080,0,false,HKG,Asia Pacific,Hong Kong,77,0.00
47.91.22.34,8880,8880,false,NRT,Asia Pacific,Tokyo,77,0.00
47.236.99.59,2086,0,false,SIN,Asia Pacific,Singapore,77,0.00
47.91.2.5,2082,0,false,NRT,Asia Pacific,Tokyo,77,0.00
47.236.15.73,8080,8080,false,SIN,Asia Pacific,Singapore,77,0.00
47.91.17.102,80,80,false,NRT,Asia Pacific,Tokyo,77,0.00
47.91.1.94,2052,0,false,NRT,Asia Pacific,Tokyo,77,0.00
8.218.126.53,2095,2095,false,HKG,Asia Pacific,Hong Kong,78,0.00
47.91.1.199,2082,2082,false,NRT,Asia Pacific,Tokyo,78,0.00
47.74.42.111,2052,2052,false,NRT,Asia Pacific,Tokyo,78,0.00
47.91.23.146,2052,0,false,NRT,Asia Pacific,Tokyo,78,0.00
47.236.7.206,80,80,false,SIN,Asia Pacific,Singapore,78,0.00
47.242.17.250,8880,0,false,HKG,Asia Pacific,Hong Kong,78,0.00
47.91.29.174,2095,0,false,NRT,Asia Pacific,Tokyo,78,0.00
8.217.149.28,2095,0,false,HKG,Asia Pacific,Hong Kong,79,0.00
47.91.19.249,2052,0,false,NRT,Asia Pacific,Tokyo,79,0.00
8.218.119.115,2095,2095,false,HKG,Asia Pacific,Hong Kong,79,0.00
47.236.114.23,2052,2052,false,SIN,Asia Pacific,Singapore,79,0.00
8.217.248.220,8443,8443,true,HKG,Asia Pacific,Hong Kong,79,0.00
47.91.31.235,2052,2052,false,NRT,Asia Pacific,Tokyo,79,0.00
47.242.79.71,2052,2052,false,HKG,Asia Pacific,Hong Kong,79,0.00
8.217.149.28,8443,8443,true,HKG,Asia Pacific,Hong Kong,79,0.00
8.217.56.102,80,0,false,HKG,Asia Pacific,Hong Kong,79,0.00
47.245.34.36,2053,2053,true,NRT,Asia Pacific,Tokyo,80,0.00
47.243.183.127,2052,0,false,HKG,Asia Pacific,Hong Kong,80,0.00
8.218.18.132,8443,8443,true,HKG,Asia Pacific,Hong Kong,80,0.00
47.91.29.174,2083,2083,true,NRT,Asia Pacific,Tokyo,80,0.00
8.217.239.116,2053,2053,true,HKG,Asia Pacific,Hong Kong,80,0.00
47.91.22.34,8080,8080,false,NRT,Asia Pacific,Tokyo,80,0.00
8.210.65.1,2086,2086,false,HKG,Asia Pacific,Hong Kong,80,0.00
47.245.33.163,2087,0,true,NRT,Asia Pacific,Tokyo,80,0.00
8.212.27.208,2082,0,false,HKG,Asia Pacific,Hong Kong,81,0.00
47.91.22.115,8880,0,false,NRT,Asia Pacific,Tokyo,81,0.00
8.218.158.94,2052,2052,false,HKG,Asia Pacific,Hong Kong,81,0.00
47.245.58.250,2095,2095,false,NRT,Asia Pacific,Tokyo,81,0.00
8.212.26.41,2082,0,false,HKG,Asia Pacific,Hong Kong,81,0.00
8.218.126.53,80,80,false,HKG,Asia Pacific,Hong Kong,81,0.00
47.245.37.29,2053,0,true,NRT,Asia Pacific,Tokyo,81,0.00
47.56.108.50,80,0,false,SLC,North America,Salt Lake City,81,0.00
47.91.21.149,2083,2083,true,NRT,Asia Pacific,Tokyo,82,0.00
47.245.37.94,2053,2053,true,NRT,Asia Pacific,Tokyo,82,0.00
47.91.22.34,8880,8880,false,NRT,Asia Pacific,Tokyo,82,0.00
47.245.41.69,2096,0,true,NRT,Asia Pacific,Tokyo,82,0.00
8.217.239.116,2086,2086,false,HKG,Asia Pacific,Hong Kong,82,0.00
8.217.248.220,80,0,false,HKG,Asia Pacific,Hong Kong,82,0.00
47.236.117.48,8080,8080,false,SIN,Asia Pacific,Singapore,82,0.00
47.91.1.94,8080,0,false,NRT,Asia Pacific,Tokyo,82,0.00
47.91.23.146,2095,0,false,NRT,Asia Pacific,Tokyo,82,0.00
8.218.174.118,2053,2053,true,HKG,Asia Pacific,Hong Kong,82,0.00
47.91.2.5,2052,2052,false,NRT,Asia Pacific,Tokyo,83,0.00
47.91.10.228,8080,8080,false,NRT,Asia Pacific,Tokyo,83,0.00
8.218.149.193,8443,8443,true,HKG,Asia Pacific,Hong Kong,83,0.00
47.245.41.169,2096,0,true,NRT,Asia Pacific,Tokyo,83,0.00
8.218.174.118,2095,2095,false,HKG,Asia Pacific,Hong Kong,83,0.00
8.218.119.115,8443,8443,true,HKG,Asia Pacific,Hong Kong,83,0.00
47.91.14.62,8080,8080,false,NRT,Asia Pacific,Tokyo,84,0.00
47.242.59.216,2053,2053,true,HKG,Asia Pacific,Hong Kong,84,0.00
47.245.37.94,8443,8443,true,NRT,Asia Pacific,Tokyo,84,0.00
8.218.146.204,2053,0,true,HKG,Asia Pacific,Hong Kong,84,0.00
47.91.14.69,2082,2082,false,NRT,Asia Pacific,Tokyo,84,0.00
47.91.16.198,2053,2053,true,NRT,Asia Pacific,Tokyo,84,0.00
47.245.37.37,2087,0,true,NRT,Asia Pacific,Tokyo,84,0.00
8.218.149.193,2087,0,true,HKG,Asia Pacific,Hong Kong,84,0.00
8.218.105.223,2087,2087,true,HKG,Asia Pacific,Hong Kong,84,0.00
47.74.3.2,80,80,false,NRT,Asia Pacific,Tokyo,84,0.00
8.217.164.10,8443,8443,true,HKG,Asia Pacific,Hong Kong,85,0.00
47.91.23.146,2082,2082,false,NRT,Asia Pacific,Tokyo,85,0.00
47.91.14.69,80,80,false,NRT,Asia Pacific,Tokyo,85,0.00
47.91.22.34,2096,2096,true,NRT,Asia Pacific,Tokyo,85,0.00
47.91.2.5,2087,0,true,NRT,Asia Pacific,Tokyo,85,0.00
8.218.142.253,2053,2053,true,HKG,Asia Pacific,Hong Kong,85,0.00
47.91.20.88,2096,0,true,NRT,Asia Pacific,Tokyo,85,0.00
8.218.181.189,8443,8443,true,HKG,Asia Pacific,Hong Kong,85,0.00
47.91.21.127,2087,2087,true,NRT,Asia Pacific,Tokyo,85,0.00
8.209.240.229,2086,2086,false,NRT,Asia Pacific,Tokyo,85,0.00
47.91.1.199,2095,0,false,NRT,Asia Pacific,Tokyo,85,0.00
47.245.33.56,2087,2087,true,NRT,Asia Pacific,Tokyo,85,0.00
47.243.203.119,8880,0,false,HKG,Asia Pacific,Hong Kong,86,0.00
47.245.37.56,2096,0,true,NRT,Asia Pacific,Tokyo,86,0.00
47.243.107.148,2086,0,false,HKG,Asia Pacific,Hong Kong,86,0.00
8.217.221.165,8443,8443,true,HKG,Asia Pacific,Hong Kong,86,0.00
8.218.146.204,2096,2096,true,HKG,Asia Pacific,Hong Kong,86,0.00
47.242.17.250,2095,2095,false,HKG,Asia Pacific,Hong Kong,86,0.00
47.91.22.66,8880,0,false,NRT,Asia Pacific,Tokyo,86,0.00
8.217.159.210,2095,2095,false,HKG,Asia Pacific,Hong Kong,86,0.00
8.218.174.118,80,80,false,HKG,Asia Pacific,Hong Kong,86,0.00
47.91.2.165,2096,2096,true,NRT,Asia Pacific,Tokyo,86,0.00
47.245.39.116,8080,0,false,NRT,Asia Pacific,Tokyo,87,0.00
47.74.32.25,2086,2086,false,NRT,Asia Pacific,Tokyo,87,0.00
47.91.21.127,8443,8443,true,NRT,Asia Pacific,Tokyo,87,0.00
47.91.1.94,2086,0,false,NRT,Asia Pacific,Tokyo,87,0.00
8.219.61.52,2053,2053,true,SIN,Asia Pacific,Singapore,87,0.00
47.243.107.148,2095,2095,false,HKG,Asia Pacific,Hong Kong,87,0.00
47.91.14.62,2082,2082,false,NRT,Asia Pacific,Tokyo,87,0.00
47.91.22.66,2082,0,false,NRT,Asia Pacific,Tokyo,87,0.00
47.245.58.250,8880,8880,false,NRT,Asia Pacific,Tokyo,87,0.00
8.218.11.90,8443,0,true,HKG,Asia Pacific,Hong Kong,88,0.00
8.210.117.18,2087,2087,true,HKG,Asia Pacific,Hong Kong,88,0.00
47.245.37.29,8443,8443,true,NRT,Asia Pacific,Tokyo,88,0.00
47.245.37.29,2083,0,true,NRT,Asia Pacific,Tokyo,88,0.00
8.218.146.204,8880,8880,false,HKG,Asia Pacific,Hong Kong,88,0.00
47.91.29.174,2087,2087,true,NRT,Asia Pacific,Tokyo,88,0.00
47.245.37.89,2083,0,true,NRT,Asia Pacific,Tokyo,88,0.00
47.91.2.5,2096,0,true,NRT,Asia Pacific,Tokyo,89,0.00
47.91.3.87,2083,2083,true,NRT,Asia Pacific,Tokyo,89,0.00
47.91.20.88,2082,0,false,NRT,Asia Pacific,Tokyo,89,0.00
47.91.3.87,2053,2053,true,NRT,Asia Pacific,Tokyo,89,0.00
47.245.37.56,2053,0,true,NRT,Asia Pacific,Tokyo,89,0.00
47.91.21.107,2086,0,false,NRT,Asia Pacific,Tokyo,89,0.00
47.91.25.66,8443,8443,true,NRT,Asia Pacific,Tokyo,89,0.00
8.219.153.253,2087,0,true,SIN,Asia Pacific,Singapore,89,0.00
47.245.7.212,2096,0,true,NRT,Asia Pacific,Tokyo,90,0.00
8.218.110.180,2096,2096,true,HKG,Asia Pacific,Hong Kong,90,0.00
47.91.14.69,2052,2052,false,NRT,Asia Pacific,Tokyo,90,0.00
47.91.22.34,2052,2052,false,NRT,Asia Pacific,Tokyo,90,0.00
47.236.94.113,2082,2082,false,SIN,Asia Pacific,Singapore,91,0.00
47.245.39.28,2087,0,true,NRT,Asia Pacific,Tokyo,91,0.00
47.74.52.104,2082,2082,false,NRT,Asia Pacific,Tokyo,91,0.00
47.91.2.165,8880,8880,false,NRT,Asia Pacific,Tokyo,91,0.00
47.242.17.250,8080,8080,false,HKG,Asia Pacific,Hong Kong,91,0.00
47.91.14.62,2095,0,false,NRT,Asia Pacific,Tokyo,91,0.00
47.91.23.146,2087,0,true,NRT,Asia Pacific,Tokyo,92,0.00
8.218.158.94,2082,2082,false,HKG,Asia Pacific,Hong Kong,92,0.00
47.91.3.135,8880,0,false,NRT,Asia Pacific,Tokyo,93,0.00
47.236.75.113,2052,2052,false,SIN,Asia Pacific,Singapore,93,0.00
47.91.2.165,2086,2086,false,NRT,Asia Pacific,Tokyo,93,0.00
47.91.23.108,8880,8880,false,NRT,Asia Pacific,Tokyo,93,0.00
47.91.1.38,8080,0,false,NRT,Asia Pacific,Tokyo,93,0.00
47.243.162.49,2095,0,false,HKG,Asia Pacific,Hong Kong,93,0.00
8.217.207.60,2083,2083,true,HKG,Asia Pacific,Hong Kong,94,0.00
47.242.54.157,2082,2082,false,HKG,Asia Pacific,Hong Kong,94,0.00
47.91.15.247,2095,2095,false,NRT,Asia Pacific,Tokyo,94,0.00
47.242.176.237,8443,8443,true,HKG,Asia Pacific,Hong Kong,94,0.00
47.245.37.89,2053,0,true,NRT,Asia Pacific,Tokyo,95,0.00
47.91.10.228,80,0,false,NRT,Asia Pacific,Tokyo,95,0.00
47.91.21.149,2082,2082,false,NRT,Asia Pacific,Tokyo,95,0.00
47.91.18.207,2083,0,true,NRT,Asia Pacific,Tokyo,95,0.00
8.219.121.24,2083,2083,true,SIN,Asia Pacific,Singapore,95,0.00
47.91.21.149,2095,0,false,NRT,Asia Pacific,Tokyo,95,0.00
47.245.52.153,80,80,false,NRT,Asia Pacific,Tokyo,96,0.00
47.245.42.210,2096,0,true,NRT,Asia Pacific,Tokyo,96,0.00
8.219.170.223,2082,2082,false,SIN,Asia Pacific,Singapore,96,0.00
47.74.54.33,2087,2087,true,NRT,Asia Pacific,Tokyo,97,0.00
47.74.49.62,2096,2096,true,NRT,Asia Pacific,Tokyo,97,0.00
47.74.32.25,2087,2087,true,NRT,Asia Pacific,Tokyo,97,0.00
47.91.15.247,8443,0,true,NRT,Asia Pacific,Tokyo,97,0.00
8.209.243.137,2087,2087,true,NRT,Asia Pacific,Tokyo,98,0.00
8.218.201.73,2095,2095,false,HKG,Asia Pacific,Hong Kong,98,0.00
47.91.21.107,2053,2053,true,NRT,Asia Pacific,Tokyo,98,0.00
47.245.39.28,2083,0,true,NRT,Asia Pacific,Tokyo,98,0.00
47.75.109.146,8080,80,false,HKG,Asia Pacific,Hong Kong,99,0.00
47.74.35.127,2053,2053,true,NRT,Asia Pacific,Tokyo,100,0.00
8.210.107.246,2087,2087,true,HKG,Asia Pacific,Hong Kong,100,0.00
8.218.127.249,8080,8080,false,HKG,Asia Pacific,Hong Kong,100,0.00
47.76.83.237,80,0,false,HKG,Asia Pacific,Hong Kong,100,0.00
47.91.10.241,2083,2083,true,NRT,Asia Pacific,Tokyo,100,0.00
47.91.29.108,8880,8880,false,NRT,Asia Pacific,Tokyo,102,0.00
47.243.161.235,8080,8080,false,HKG,Asia Pacific,Hong Kong,102,0.00
47.91.10.228,2053,2053,true,NRT,Asia Pacific,Tokyo,102,0.00
47.91.22.115,2052,2052,false,NRT,Asia Pacific,Tokyo,102,0.00
47.91.18.207,2082,2082,false,NRT,Asia Pacific,Tokyo,102,0.00
8.210.65.1,80,80,false,HKG,Asia Pacific,Hong Kong,103,0.00
47.91.17.102,2052,2052,false,NRT,Asia Pacific,Tokyo,104,0.00
47.91.28.27,2086,2086,false,NRT,Asia Pacific,Tokyo,104,0.00
47.245.34.140,2083,0,true,NRT,Asia Pacific,Tokyo,105,0.00
47.91.3.112,2095,2095,false,NRT,Asia Pacific,Tokyo,105,0.00
47.245.38.233,8443,8443,true,NRT,Asia Pacific,Tokyo,106,0.00
47.74.32.25,8880,8880,false,NRT,Asia Pacific,Tokyo,106,0.00
47.91.19.249,2096,2096,true,NRT,Asia Pacific,Tokyo,106,0.00
8.218.127.249,2083,2083,true,HKG,Asia Pacific,Hong Kong,106,0.00
47.91.19.249,8443,8443,true,NRT,Asia Pacific,Tokyo,107,0.00
47.91.19.249,2087,2087,true,NRT,Asia Pacific,Tokyo,108,0.00
47.245.52.153,8080,8080,false,NRT,Asia Pacific,Tokyo,109,0.00
47.91.16.214,8880,8880,false,NRT,Asia Pacific,Tokyo,109,0.00
8.217.85.14,2087,2087,true,HKG,Asia Pacific,Hong Kong,110,0.00
47.91.22.34,2086,2086,false,NRT,Asia Pacific,Tokyo,110,0.00
47.91.22.115,2096,2096,true,NRT,Asia Pacific,Tokyo,110,0.00
8.218.158.94,2053,2053,true,HKG,Asia Pacific,Hong Kong,112,0.00
47.242.79.71,8880,0,false,HKG,Asia Pacific,Hong Kong,112,0.00
47.91.29.174,8080,8080,false,NRT,Asia Pacific,Tokyo,112,0.00
47.91.3.135,2083,2083,true,NRT,Asia Pacific,Tokyo,113,0.00
47.74.32.25,2053,2053,true,NRT,Asia Pacific,Tokyo,113,0.00
47.245.33.163,8443,8443,true,NRT,Asia Pacific,Tokyo,114,0.00
47.91.20.88,8443,0,true,NRT,Asia Pacific,Tokyo,114,0.00
47.91.1.38,2052,0,false,NRT,Asia Pacific,Tokyo,116,0.00
8.209.240.227,2083,2083,true,NRT,Asia Pacific,Tokyo,116,0.00
8.219.111.147,443,443,true,SIN,Asia Pacific,Singapore,117,0.00
47.91.1.94,8443,0,true,NRT,Asia Pacific,Tokyo,117,0.00
47.91.29.108,2096,0,true,NRT,Asia Pacific,Tokyo,118,0.00
47.245.33.158,2096,0,true,NRT,Asia Pacific,Tokyo,119,0.00
47.245.38.233,2053,2053,true,NRT,Asia Pacific,Tokyo,119,0.00
47.245.37.41,2083,0,true,NRT,Asia Pacific,Tokyo,120,0.00
8.222.253.235,2087,2087,true,SIN,Asia Pacific,Singapore,120,0.00
8.217.250.222,8443,8443,true,HKG,Asia Pacific,Hong Kong,121,0.00
47.245.37.89,2087,0,true,NRT,Asia Pacific,Tokyo,121,0.00
8.218.126.53,2096,0,true,HKG,Asia Pacific,Hong Kong,122,0.00
47.245.42.162,2096,0,true,NRT,Asia Pacific,Tokyo,122,0.00
8.218.181.189,2053,2053,true,HKG,Asia Pacific,Hong Kong,122,0.00
47.91.31.231,8443,8443,true,NRT,Asia Pacific,Tokyo,123,0.00
47.91.10.241,2086,2086,false,NRT,Asia Pacific,Tokyo,124,0.00
47.245.37.12,2087,0,true,NRT,Asia Pacific,Tokyo,124,0.00
47.245.33.163,2096,0,true,NRT,Asia Pacific,Tokyo,125,0.00
47.245.37.12,2053,0,true,NRT,Asia Pacific,Tokyo,127,0.00
8.217.239.116,8443,8443,true,HKG,Asia Pacific,Hong Kong,128,0.00
8.212.27.208,2082,0,false,HKG,Asia Pacific,Hong Kong,130,0.00
47.76.94.15,2053,0,true,HKG,Asia Pacific,Hong Kong,131,0.00
47.91.1.38,2087,0,true,NRT,Asia Pacific,Tokyo,132,0.00
47.74.32.25,2096,2096,true,NRT,Asia Pacific,Tokyo,132,0.00
8.210.21.65,2086,2086,false,HKG,Asia Pacific,Hong Kong,133,0.00
8.218.127.249,2087,2087,true,HKG,Asia Pacific,Hong Kong,133,0.00
8.217.159.210,2087,2087,true,HKG,Asia Pacific,Hong Kong,134,0.00
8.217.91.121,8080,8080,false,HKG,Asia Pacific,Hong Kong,135,0.00
47.91.25.66,2052,0,false,NRT,Asia Pacific,Tokyo,135,0.00
8.212.41.98,8080,0,false,SJC,North America,San Jose,136,0.00
47.74.11.3,2053,2053,true,NRT,Asia Pacific,Tokyo,136,0.00
47.91.14.62,2096,2096,true,NRT,Asia Pacific,Tokyo,140,0.00
47.91.21.149,2053,2053,true,NRT,Asia Pacific,Tokyo,141,0.00
47.91.28.27,80,0,false,NRT,Asia Pacific,Tokyo,144,0.00
47.91.16.214,2083,2083,true,NRT,Asia Pacific,Tokyo,144,0.00
8.219.175.127,8443,8443,true,SIN,Asia Pacific,Singapore,144,0.00
8.218.110.180,2053,2053,true,HKG,Asia Pacific,Hong Kong,154,0.00
8.218.201.73,443,443,true,HKG,Asia Pacific,Hong Kong,159,0.00
47.74.11.3,2087,2087,true,NRT,Asia Pacific,Tokyo,160,0.00
47.74.41.88,2086,2086,false,HKG,Asia Pacific,Hong Kong,161,0.00
8.218.209.144,443,443,true,HKG,Asia Pacific,Hong Kong,161,0.00
47.242.79.71,443,443,true,HKG,Asia Pacific,Hong Kong,167,0.00
47.254.92.215,80,0,false,SJC,North America,San Jose,171,0.00
47.88.2.156,80,0,false,SJC,North America,San Jose,171,0.00
47.254.127.28,80,0,false,SJC,North America,San Jose,171,0.00
47.88.101.9,443,443,true,SJC,North America,San Jose,171,0.00
47.74.32.25,8443,8443,true,NRT,Asia Pacific,Tokyo,172,0.00
47.254.82.159,80,0,false,SJC,North America,San Jose,172,0.00
47.254.82.224,8080,0,false,SJC,North America,San Jose,172,0.00
47.254.95.161,80,0,false,SJC,North America,San Jose,173,0.00
47.88.27.64,80,0,false,SJC,North America,San Jose,173,0.00
47.254.45.63,80,0,false,SJC,North America,San Jose,175,0.00
47.89.244.253,443,0,true,SJC,North America,San Jose,180,0.00
47.245.40.55,8443,0,true,HKG,Asia Pacific,Hong Kong,180,0.00
47.254.52.145,8080,0,false,SJC,North America,San Jose,181,0.00
47.245.39.49,2053,0,true,HKG,Asia Pacific,Hong Kong,183,0.00
47.236.94.195,80,8080,false,OTP,Europe,Bucharest,216,0.00
8.218.149.193,2095,2095,false,HKG,Asia Pacific,Hong Kong,225,0.00
47.252.30.247,80,0,false,IAD,North America,Ashburn,236,0.00
47.252.51.37,80,0,false,IAD,North America,Ashburn,238,0.00
47.90.223.7,80,0,false,IAD,North America,Ashburn,240,0.00
47.90.221.1,80,0,false,IAD,North America,Ashburn,242,0.00
47.252.0.199,80,0,false,IAD,North America,Ashburn,242,0.00
47.90.179.105,80,0,false,IAD,North America,Ashburn,246,0.00
47.91.29.108,2083,2083,true,NRT,Asia Pacific,Tokyo,251,0.00
47.252.40.36,80,0,false,IAD,North America,Ashburn,259,0.00
47.252.51.37,80,0,false,IAD,North America,Ashburn,266,0.00
8.222.145.43,80,0,false,SIN,Asia Pacific,Singapore,328,0.00
47.74.23.99,2083,2083,true,NRT,Asia Pacific,Tokyo,351,0.00
8.219.193.202,8880,8880,false,SIN,Asia Pacific,Singapore,439,0.00
